0,343.617409
1,343.63568
2,343.659662
3,343.685535
4,343.712136
5,343.739083
6,343.766201
7,343.793347
8,343.820358
9,343.847036
10,343.87316
11,343.898491
12,343.922789
13,343.945831
14,343.967424
15,343.987412
16,344.005686
17,344.022185
18,344.0369
19,344.049873
20,344.0612
21,344.071029
22,344.079568
23,344.087082
24,344.093892
25,344.100375
26,344.106951
27,344.114076
28,344.122218
29,344.131839
30,344.14337
31,344.157188
32,344.173598
33,344.192813
34,344.214922
35,344.239779
36,344.266696
37,344.293945
38,344.318861
39,344.340061
40,344.356899
41,344.368942
42,344.375858
43,344.377416
44,344.373471
45,344.363945
46,344.348804
47,344.328058
48,344.301771
49,344.27008
50,344.233225
51,344.191553
52,344.145535
53,344.095961
54,344.044562
55,343.993784
56,343.945131
57,343.899202
58,343.856157
59,343.816004
60,343.77876
61,343.744667
62,343.714823
63,343.693208
64,343.628071
65,343.646991
66,343.671884
67,343.69881
68,343.726564
69,343.754748
70,343.783178
71,343.8117
72,343.840133
73,343.868262
74,343.895834
75,343.922579
76,343.948227
77,343.972526
78,343.995261
79,344.016261
80,344.035409
81,344.052638
82,344.067937
83,344.081351
84,344.092978
85,344.102976
86,344.111565
87,344.119024
88,344.125701
89,344.132002
90,344.138391
91,344.145371
92,344.15347
93,344.16321
94,344.175095
95,344.189595
96,344.207159
97,344.228266
98,344.253493
99,344.283455
100,344.318099
101,344.354606
102,344.385951
103,344.411073
104,344.430423
105,344.444136
106,344.452115
107,344.454232
108,344.450396
109,344.440557
110,344.424688
111,344.402784
112,344.37487
113,344.341022
114,344.301354
115,344.255927
116,344.204519
117,344.146827
118,344.085531
119,344.026584
120,343.972196
121,343.922313
122,343.876394
123,343.834015
124,343.794963
125,343.759377
126,343.728335
127,343.705911
128,343.642882
129,343.662627
130,343.688731
131,343.717106
132,343.746494
133,343.776477
134,343.806859
135,343.837469
136,343.868102
137,343.898504
138,343.928367
139,343.957355
140,343.985132
141,344.011396
142,344.035894
143,344.058429
144,344.078868
145,344.097138
146,344.113226
147,344.127178
148,344.1391
149,344.149161
150,344.157596
151,344.164711
152,344.17089
153,344.176595
154,344.18236
155,344.188784
156,344.196502
157,344.206161
158,344.2184
159,344.233881
160,344.2534
161,344.278168
162,344.310358
163,344.353682
164,344.412076
165,344.480717
166,344.529654
167,344.56332
168,344.587599
169,344.60451
170,344.61454
171,344.617794
172,344.6143
173,344.604071
174,344.587092
175,344.563328
176,344.532724
177,344.495217
178,344.450656
179,344.398347
180,344.335504
181,344.255219
182,344.162506
183,344.0807
184,344.012808
185,343.955069
186,343.904182
187,343.858306
188,343.816595
189,343.778915
190,343.746263
191,343.722802
192,343.659679
193,343.680333
194,343.7078
195,343.737848
196,343.769174
197,343.801345
198,343.83416
199,343.867437
200,343.900946
201,343.934377
202,343.96733
203,343.999342
204,344.029965
205,344.058816
206,344.085593
207,344.110073
208,344.132106
209,344.151613
210,344.168581
211,344.183061
212,344.195165
213,344.205071
214,344.213033
215,344.219383
216,344.22455
217,344.22906
218,344.233547
219,344.238757
220,344.245514
221,344.254657
222,344.267029
223,344.2836
224,344.305812
225,344.336509
226,344.382203
227,344.45733
228,344.586376
229,344.774052
230,344.865021
231,344.912412
232,344.944138
233,344.966056
234,344.979388
235,344.984534
236,344.981712
237,344.97104
238,344.952529
239,344.926086
240,344.891527
241,344.848595
242,344.796865
243,344.734744
244,344.653213
245,344.509492
246,344.308672
247,344.163076
248,344.065334
249,343.993691
250,343.935483
251,343.88506
252,343.840139
253,343.800049
254,343.765606
255,343.741028
256,343.67768
257,343.699311
258,343.728269
259,343.760186
260,343.793727
261,343.828465
262,343.864216
263,343.900816
264,343.938033
265,343.975503
266,344.012658
267,344.048762
268,344.083136
269,344.115306
270,344.144937
271,344.171793
272,344.195719
273,344.216642
274,344.234554
275,344.249512
276,344.261634
277,344.271103
278,344.278183
279,344.283226
280,344.286687
281,344.289146
282,344.29134
283,344.294242
284,344.299052
285,344.306913
286,344.318929
287,344.336465
288,344.361952
289,344.401239
290,344.470562
291,344.615558
292,344.950571
293,345.641034
294,345.801846
295,345.856621
296,345.897978
297,345.928095
298,345.947115
299,345.955583
300,345.954011
301,345.942707
302,345.921728
303,345.890878
304,345.84974
305,345.797801
306,345.734886
307,345.662113
308,345.575505
309,345.245007
310,344.618031
311,344.292676
312,344.131646
313,344.036868
314,343.968636
315,343.912745
316,343.864232
317,343.82155
318,343.785231
319,343.759501
320,343.696527
321,343.719204
322,343.749782
323,343.783769
324,343.819823
325,343.85756
326,343.896869
327,343.937696
328,343.97993
329,344.023231
330,344.066715
331,344.108848
332,344.148404
333,344.184905
334,344.218115
335,344.24786
336,344.274026
337,344.296563
338,344.315482
339,344.330851
340,344.34279
341,344.35148
342,344.357173
343,344.360203
344,344.360995
345,344.360063
346,344.35812
347,344.356498
348,344.357419
349,344.362582
350,344.373302
351,344.391256
352,344.419943
353,344.469051
354,344.569608
355,344.829486
356,345.6492
357,345.904821
358,345.972032
359,346.022859
360,346.0654
361,346.096588
362,346.116331
363,346.125215
364,346.1238
365,346.112419
366,346.091134
367,346.059735
368,346.017772
369,345.964685
370,345.900286
371,345.826384
372,345.751955
373,345.636667
374,345.226754
375,344.473601
376,344.207503
377,344.081989
378,344.002141
379,343.940357
380,343.888104
381,343.842773
382,343.804561
383,343.777682
384,343.715982
385,343.739773
386,343.772102
387,343.808371
388,343.847268
389,343.888521
390,343.932236
391,343.978743
392,344.028519
393,344.081753
394,344.136994
395,344.189776
396,344.237191
397,344.279564
398,344.317333
399,344.350628
400,344.379464
401,344.403859
402,344.423865
403,344.439569
404,344.451089
405,344.458581
406,344.462248
407,344.462331
408,344.459034
409,344.452359
410,344.442193
411,344.430219
412,344.422593
413,344.42212
414,344.429791
415,344.446983
416,344.477572
417,344.533134
418,344.650256
419,344.949131
420,345.829562
421,345.992674
422,346.058691
423,346.113714
424,346.160186
425,346.194245
426,346.215881
427,346.225851
428,346.224839
429,346.213245
430,346.191146
431,346.158295
432,346.114147
433,346.057993
434,345.98948
435,345.910492
436,345.831779
437,345.732294
438,345.436954
439,344.581055
440,344.268303
441,344.123235
442,344.03409
443,343.966961
444,343.911138
445,343.86324
446,343.82319
447,343.795198
448,343.735827
449,343.760792
450,343.794996
451,343.833759
452,343.875858
453,343.921266
454,343.97063
455,344.025441
456,344.088412
457,344.162792
458,344.247058
459,344.324041
460,344.384761
461,344.435401
462,344.479117
463,344.516883
464,344.548995
465,344.575601
466,344.596825
467,344.612786
468,344.623588
469,344.629335
470,344.630121
471,344.625961
472,344.616443
473,344.599659
474,344.570715
475,344.529183
476,344.499875
477,344.487019
478,344.488372
479,344.502959
480,344.533753
481,344.59257
482,344.717122
483,345.027784
484,345.911508
485,346.070159
486,346.140251
487,346.200039
488,346.250711
489,346.287897
490,346.311628
491,346.322799
492,346.32221
493,346.310325
494,346.287234
495,346.252648
496,346.205931
497,346.146237
498,346.073079
499,345.988429
500,345.90414
501,345.802277
502,345.514801
503,344.644898
504,344.315231
505,344.159341
506,344.063478
507,343.99186
508,343.932822
509,343.882546
510,343.840776
511,343.811738
512,343.755825
513,343.782011
514,343.818195
515,343.859648
516,343.905316
517,343.955647
518,344.012503
519,344.080497
520,344.169865
521,344.298298
522,344.474539
523,344.620855
524,344.704069
525,344.766044
526,344.817784
527,344.861588
528,344.898069
529,344.927556
530,344.95029
531,344.966433
532,344.97607
533,344.979201
534,344.975741
535,344.965375
536,344.946703
537,344.913
538,344.837206
539,344.691951
540,344.601358
541,344.560248
542,344.549273
543,344.558639
544,344.587886
545,344.647777
546,344.775902
547,345.092506
548,345.983743
549,346.143386
550,346.217224
551,346.281112
552,346.335507
553,346.375541
554,346.401207
555,346.413477
556,346.41323
557,346.400981
558,346.376825
559,346.340439
560,346.291112
561,346.2279
562,346.150251
563,346.060308
564,345.970918
565,345.865361
566,345.57539
567,344.692984
568,344.353653
569,344.19076
570,344.089875
571,344.014559
572,343.952732
573,343.90034
574,343.857018
575,343.827028
576,343.775716
577,343.803152
578,343.841384
579,343.885671
580,343.935226
581,343.991285
582,344.058024
583,344.147189
584,344.29073
585,344.565664
586,345.084581
587,345.46127
588,345.561154
589,345.635593
590,345.699417
591,345.752938
592,345.796473
593,345.830545
594,345.855598
595,345.871882
596,345.879427
597,345.878048
598,345.867375
599,345.846926
600,345.815837
601,345.765848
602,345.582793
603,345.012806
604,344.747644
605,344.645224
606,344.612389
607,344.613317
608,344.63933
609,344.698706
610,344.828337
611,345.148426
612,346.046086
613,346.206626
614,346.283084
615,346.349903
616,346.407041
617,346.449218
618,346.476345
619,346.489414
620,346.489344
621,346.476676
622,346.451508
623,346.41349
624,346.361862
625,346.295625
626,346.214224
627,346.119992
628,346.026592
629,345.918042
630,345.625404
631,344.73202
632,344.38571
633,344.21774
634,344.112994
635,344.034688
636,343.970526
637,343.916325
638,343.871657
639,343.840832
640,343.795221
641,343.823905
642,343.864202
643,343.911378
644,343.964978
645,344.027259
646,344.105723
647,344.224048
648,344.460238
649,345.080532
650,345.610791
651,345.767803
652,345.846425
653,345.92253
654,345.989282
655,346.045143
656,346.090349
657,346.125496
658,346.151086
659,346.167391
660,346.174429
661,346.171963
662,346.159541
663,346.136638
664,346.103091
665,346.05994
666,345.986705
667,345.615684
668,344.944514
669,344.738826
670,344.675587
671,344.665721
672,344.687271
673,344.744948
674,344.874631
675,345.196341
676,346.097825
677,346.258896
678,346.336936
679,346.405575
680,346.464452
681,346.507996
682,346.53603
683,346.549539
684,346.549451
685,346.536319
686,346.510236
687,346.470833
688,346.417323
689,346.348682
690,346.264377
691,346.166913
692,346.070562
693,345.959835
694,345.665184
695,344.763415
696,344.411976
697,344.240268
698,344.132603
699,344.051966
700,343.98594
701,343.930264
702,343.88448
703,343.852953
704,343.814046
705,343.843946
706,343.886259
707,343.936258
708,343.993787
709,344.061989
710,344.151074
711,344.29377
712,344.600129
713,345.454259
714,345.764064
715,345.865575
716,345.944749
717,346.02472
718,346.094859
719,346.153255
720,346.200239
721,346.236519
722,346.262665
723,346.278976
724,346.285454
725,346.281802
726,346.267463
727,346.241787
728,346.204698
729,346.159128
730,346.101156
731,345.934074
732,345.085402
733,344.818915
734,344.733341
735,344.713949
736,344.73077
737,344.785981
738,344.914602
739,345.236372
740,346.139159
741,346.300436
742,346.3792
743,346.448702
744,346.508409
745,346.55258
746,346.580976
747,346.594559
748,346.594258
749,346.58062
750,346.553734
751,346.513219
752,346.45827
753,346.387855
754,346.301466
755,346.201738
756,346.10336
757,345.991158
758,345.695129
759,344.787565
760,344.432582
761,344.258267
762,344.148524
763,344.066191
764,343.998776
765,343.941977
766,343.895326
767,343.863239
768,343.831903
769,343.862955
770,343.907171
771,343.959811
772,344.020929
773,344.094198
774,344.191095
775,344.347175
776,344.676418
777,345.548336
778,345.837101
779,345.939206
780,346.023837
781,346.10939
782,346.184071
783,346.245884
784,346.295288
785,346.33312
786,346.360032
787,346.37635
788,346.382056
789,346.376781
790,346.359846
791,346.330453
792,346.288485
793,346.237473
794,346.175257
795,346.019784
796,345.165891
797,344.880892
798,344.783307
799,344.756747
800,344.769068
801,344.821326
802,344.948006
803,345.268523
804,346.17042
805,346.331628
806,346.410395
807,346.479932
808,346.539654
809,346.583772
810,346.61201
811,346.625317
812,346.62461
813,346.610432
814,346.582863
815,346.541512
816,346.485565
817,346.413986
818,346.326284
819,346.22517
820,346.125576
821,346.012502
822,345.715662
823,344.804662
824,344.447563
825,344.271669
826,344.16064
827,344.077228
828,344.008903
829,343.951344
830,343.904081
831,343.871585
832,343.848518
833,343.880629
834,343.926583
835,343.981607
836,344.045881
837,344.123363
838,344.226071
839,344.390436
840,344.731161
841,345.615907
842,345.906398
843,346.012396
844,346.102625
845,346.193936
846,346.273442
847,346.338973
848,346.391056
849,346.430629
850,346.458408
851,346.47475
852,346.47961
853,346.472554
854,346.4528
855,346.419448
856,346.372422
857,346.31588
858,346.248618
859,346.091957
860,345.226877
861,344.931499
862,344.825984
863,344.793643
864,344.801662
865,344.850605
866,344.974609
867,345.292727
868,346.191788
869,346.352684
870,346.430813
871,346.499636
872,346.558625
873,346.602048
874,346.629635
875,346.642326
876,346.641031
877,346.626282
878,346.598154
879,346.556246
880,346.499737
881,346.427587
882,346.339308
883,346.237632
884,346.137571
885,346.024177
886,345.727042
887,344.814805
888,344.456931
889,344.280435
890,344.168886
891,344.085005
892,344.01625
893,343.958297
894,343.910685
895,343.877933
896,343.863646
897,343.8967
898,343.944191
899,344.001293
900,344.068259
901,344.149205
902,344.256409
903,344.426717
904,344.775538
905,345.672549
906,345.966005
907,346.075426
908,346.170237
909,346.266403
910,346.350105
911,346.418953
912,346.473477
913,346.514662
914,346.54327
915,346.559665
916,346.563788
917,346.555153
918,346.532912
919,346.496125
920,346.444812
921,346.383712
922,346.312324
923,346.15411
924,345.277037
925,344.973565
926,344.861797
927,344.824415
928,344.828231
929,344.873534
930,344.994195
931,345.308842
932,346.203218
933,346.363572
934,346.440446
935,346.507831
936,346.565358
937,346.60746
938,346.633911
939,346.645654
940,346.643591
941,346.628247
942,346.599686
943,346.557503
944,346.50087
945,346.428743
946,346.340617
947,346.239194
948,346.139404
949,346.026229
950,345.729311
951,344.818001
952,344.460678
953,344.284549
954,344.173243
955,344.089503
956,344.0208
957,343.962821
958,343.915125
959,343.882271
960,343.877077
961,343.910944
962,343.959742
963,344.018588
964,344.087773
965,344.171503
966,344.282201
967,344.456982
968,344.811914
969,345.718822
970,346.014664
971,346.126672
972,346.224974
973,346.324935
974,346.412004
975,346.483582
976,346.540161
977,346.582739
978,346.612092
979,346.628589
980,346.632151
981,346.62226
982,346.598031
983,346.558517
984,346.50385
985,346.439243
986,346.364717
987,346.205253
988,345.318061
989,345.007967
990,344.890925
991,344.848959
992,344.848599
993,344.889927
994,345.006571
995,345.316649
996,346.204426
997,346.363996
998,346.438971
999,346.504164
1000,346.559476
1001,346.599615
1002,346.624437
1003,346.634897
1004,346.63189
1005,346.615927
1006,346.587065
1007,346.544896
1008,346.48859
1009,346.417096
1010,346.329883
1011,346.229563
1012,346.13082
1013,346.018437
1014,345.722273
1015,344.814163
1016,344.458773
1017,344.284015
1018,344.173735
1019,344.090757
1020,344.02259
1021,343.964954
1022,343.917438
1023,343.884637
1024,343.888642
1025,343.923182
1026,343.973043
1027,344.033284
1028,344.104213
1029,344.190086
1030,344.303415
1031,344.481498
1032,344.840907
1033,345.755117
1034,346.052695
1035,346.166562
1036,346.267407
1037,346.370189
1038,346.459821
1039,346.53353
1040,346.591757
1041,346.635492
1042,346.665508
1043,346.682167
1044,346.685375
1045,346.674588
1046,346.6489
1047,346.607369
1048,346.550226
1049,346.483036
1050,346.406199
1051,346.245779
1052,345.350605
1053,345.035115
1054,344.913525
1055,344.867299
1056,344.862722
1057,344.899691
1058,345.011573
1059,345.315863
1060,346.194906
1061,346.35342
1062,346.425763
1063,346.487924
1064,346.5402
1065,346.577695
1066,346.600375
1067,346.609211
1068,346.60508
1069,346.588479
1070,346.559454
1071,346.517596
1072,346.462083
1073,346.391866
1074,346.306378
1075,346.208095
1076,346.111265
1077,346.000321
1078,345.705513
1079,344.803109
1080,344.451165
1081,344.278862
1082,344.170436
1083,344.088857
1084,344.021717
1085,343.964792
1086,343.917714
1087,343.885117
1088,343.898217
1089,343.93328
1090,343.983951
1091,344.045232
1092,344.117434
1093,344.204839
1094,344.320012
1095,344.500366
1096,344.862821
1097,345.781975
1098,346.080721
1099,346.195839
1100,346.298423
1101,346.403173
1102,346.49464
1103,346.569922
1104,346.629414
1105,346.674086
1106,346.704698
1107,346.721598
1108,346.724672
1109,346.713359
1110,346.686734
1111,346.64386
1112,346.585031
1113,346.516059
1114,346.437598
1115,346.276471
1116,345.375226
1117,345.055392
1118,344.929851
1119,344.879601
1120,344.870699
1121,344.902835
1122,345.009062
1123,345.306135
1124,346.174012
1125,346.331146
1126,346.399979
1127,346.458136
1128,346.506463
1129,346.540585
1130,346.560595
1131,346.567464
1132,346.562037
1133,346.544782
1134,346.515731
1135,346.474485
1136,346.420242
1137,346.351973
1138,346.269089
1139,346.173886
1140,346.079973
1141,345.971236
1142,345.678471
1143,344.784539
1144,344.437769
1145,344.269149
1146,344.163475
1147,344.083962
1148,344.018341
1149,343.962487
1150,343.916098
1151,343.883846
1152,343.905717
1153,343.941151
1154,343.992375
1155,344.054341
1156,344.127351
1157,344.215698
1158,344.331971
1159,344.513648
1160,344.87785
1161,345.799826
1162,346.099241
1163,346.215084
1164,346.318703
1165,346.424662
1166,346.517306
1167,346.593655
1168,346.654065
1169,346.699482
1170,346.730646
1171,346.747884
1172,346.751064
1173,346.739601
1174,346.712555
1175,346.66898
1176,346.609202
1177,346.539169
1178,346.459691
1179,346.298076
1180,345.392476
1181,345.069239
1182,344.940271
1183,344.886182
1184,344.872772
1185,344.899448
1186,344.998843
1187,345.286932
1188,346.141245
1189,346.296651
1190,346.360927
1191,346.413976
1192,346.457385
1193,346.487406
1194,346.504247
1195,346.508841
1196,346.50197
1197,346.484056
1198,346.455114
1199,346.41476
1200,346.362238
1201,346.296574
1202,346.217191
1203,346.126194
1204,346.036345
1205,345.930689
1206,345.640603
1207,344.757801
1208,344.41833
1209,344.254931
1210,344.15305
1211,344.076307
1212,344.012696
1213,343.958255
1214,343.912787
1215,343.881012
1216,343.9111
1217,343.946752
1218,343.998272
1219,344.060568
1220,344.133927
1221,344.222637
1222,344.339289
1223,344.521381
1224,344.886097
1225,345.808895
1226,346.10851
1227,346.224589
1228,346.328591
1229,346.435056
1230,346.528271
1231,346.605222
1232,346.66624
1233,346.712242
1234,346.743944
1235,346.761646
1236,346.765191
1237,346.753972
1238,346.727027
1239,346.683394
1240,346.623387
1241,346.552992
1242,346.47308
1243,346.311187
1244,345.402887
1245,345.077163
1246,344.94528
1247,344.887512
1248,344.869324
1249,344.889611
1250,344.980238
1251,345.256543
1252,346.096811
1253,346.250716
1254,346.309453
1255,346.356386
1256,346.394086
1257,346.419485
1258,346.432843
1259,346.434993
1260,346.426619
1261,346.408071
1262,346.379347
1263,346.340086
1264,346.289604
1265,346.227027
1266,346.151855
1267,346.066045
1268,345.981339
1269,345.8793
1270,345.590817
1271,344.720425
1272,344.391894
1273,344.236149
1274,344.139418
1275,344.066219
1276,344.005094
1277,343.95238
1278,343.908038
1279,343.876853
1280,343.914362
1281,343.950081
1282,344.001642
1283,344.063917
1284,344.137168
1285,344.225665
1286,344.341977
1287,344.52357
1288,344.887558
1289,345.809164
1290,346.108508
1291,346.224335
1292,346.328072
1293,346.434355
1294,346.527556
1295,346.604676
1296,346.666027
1297,346.712493
1298,346.744755
1299,346.763079
1300,346.767279
1301,346.756726
1302,346.730435
1303,346.687412
1304,346.62793
1305,346.557904
1306,346.478169
1307,346.31622
1308,345.406973
1309,345.079743
1310,344.945505
1311,344.884238
1312,344.86088
1313,344.87319
1314,344.950691
1315,345.2063
1316,346.034852
1317,346.198961
1318,346.252899
1319,346.293842
1320,346.326087
1321,346.3472
1322,346.357404
1323,346.357386
1324,346.347706
1325,346.328644
1326,346.300172
1327,346.261961
1328,346.213405
1329,346.153759
1330,346.082659
1331,346.001991
1332,345.922398
1333,345.820872
1334,345.512252
1335,344.661127
1336,344.355341
1337,344.212454
1338,344.122911
1339,344.054127
1340,343.995932
1341,343.945209
1342,343.902158
1343,343.871653
1344,343.915541
1345,343.951178
1346,344.00253
1347,344.064436
1348,344.137125
1349,344.224824
1350,344.340052
1351,344.520187
1352,344.882124
1353,345.80038
1354,346.098943
1355,346.213984
1356,346.316766
1357,346.422154
1358,346.514761
1359,346.59164
1360,346.653086
1361,346.699937
1362,346.732823
1363,346.751968
1364,346.757154
1365,346.747728
1366,346.722686
1367,346.681002
1368,346.622872
1369,346.554032
1370,346.475167
1371,346.313418
1372,345.405231
1373,345.077633
1374,344.941726
1375,344.877232
1376,344.848265
1377,344.850064
1378,344.904085
1379,345.097066
1380,345.742282
1381,346.10052
1382,346.168594
1383,346.206596
1384,346.234853
1385,346.252776
1386,346.260665
1387,346.259083
1388,346.24848
1389,346.229076
1390,346.200825
1391,346.163421
1392,346.116327
1393,346.058907
1394,345.990895
1395,345.913818
1396,345.834606
1397,345.67847
1398,345.154182
1399,344.538505
1400,344.302708
1401,344.183656
1402,344.104119
1403,344.040616
1404,343.985701
1405,343.937152
1406,343.895503
1407,343.865739
1408,343.914712
1409,343.950124
1410,344.001026
1411,344.062224
1412,344.133896
1413,344.220199
1414,344.333546
1415,344.511158
1416,344.86956
1417,345.782077
1418,346.07928
1419,346.192919
1420,346.293969
1421,346.397693
1422,346.489114
1423,346.565372
1424,346.626723
1425,346.673935
1426,346.707562
1427,346.727774
1428,346.734315
1429,346.726518
1430,346.70337
1431,346.663824
1432,346.607981
1433,346.54128
1434,346.46412
1435,346.302881
1436,345.398145
1437,345.071576
1438,344.934894
1439,344.867685
1440,344.833113
1441,344.82296
1442,344.845694
1443,344.935984
1444,345.183068
1445,345.718676
1446,345.88912
1447,345.932739
1448,345.958004
1449,345.973036
1450,345.978781
1451,345.975747
1452,345.964297
1453,345.944597
1454,345.916586
1455,345.879974
1456,345.83428
1457,345.77894
1458,345.713606
1459,345.637997
1460,345.537882
1461,345.168903
1462,344.660483
1463,344.38756
1464,344.243423
1465,344.152848
1466,344.084403
1467,344.026488
1468,343.974974
1469,343.928666
1470,343.888464
1471,343.859468
1472,343.91199
1473,343.947043
1474,343.997267
1475,344.057434
1476,344.12764
1477,344.211915
1478,344.322484
1479,344.496281
1480,344.849361
1481,345.753674
1482,346.048915
1483,346.160426
1484,346.258851
1485,346.360086
1486,346.449745
1487,346.525053
1488,346.586192
1489,346.633809
1490,346.668355
1491,346.689921
1492,346.698215
1493,346.692565
1494,346.671979
1495,346.635419
1496,346.582898
1497,346.519445
1498,346.445011
1499,346.284649
1500,345.386098
1501,345.062346
1502,344.926106
1503,344.857041
1504,344.817736
1505,344.797636
1506,344.797291
1507,344.826265
1508,344.903106
1509,345.032283
1510,345.096348
1511,345.120835
1512,345.131359
1513,345.134333
1514,345.131104
1515,345.121961
1516,345.106961
1517,345.08606
1518,345.059126
1519,345.02594
1520,344.986202
1521,344.939528
1522,344.885262
1523,344.821137
1524,344.736445
1525,344.590423
1526,344.41504
1527,344.285811
1528,344.194736
1529,344.124623
1530,344.065434
1531,344.012622
1532,343.964354
1533,343.920232
1534,343.881454
1535,343.853216
1536,343.907522
1537,343.942098
1538,343.99144
1539,344.050275
1540,344.118576
1541,344.200142
1542,344.306794
1543,344.474857
1544,344.819862
1545,345.714244
1546,346.007691
1547,346.116454
1548,346.211325
1549,346.309292
1550,346.396716
1551,346.470873
1552,346.531793
1553,346.579943
1554,346.615625
1555,346.638835
1556,346.64924
1557,346.646186
1558,346.628741
1559,346.595932
1560,346.547733
1561,346.488694
1562,346.418105
1563,346.258817
1564,345.368743
1565,345.050488
1566,344.916524
1567,344.846772
1568,344.803924
1569,344.776557
1570,344.762017
1571,344.761467
1572,344.777213
1573,344.805262
1574,344.822141
1575,344.828184
1576,344.827994
1577,344.823362
1578,344.814648
1579,344.801797
1580,344.784665
1581,344.763091
1582,344.7369
1583,344.705903
1584,344.669898
1585,344.628659
1586,344.581825
1587,344.528386
1588,344.465222
1589,344.386263
1590,344.30016
1591,344.223583
1592,344.158094
1593,344.100536
1594,344.048244
1595,343.999745
1596,343.954411
1597,343.912324
1598,343.87489
1599,343.847371
1600,343.901488
1601,343.935486
1602,343.983775
1603,344.041021
1604,344.107
1605,344.185075
1606,344.286114
1607,344.444544
1608,344.77384
1609,345.655467
1610,345.957091
1611,346.064391
1612,346.155271
1613,346.249654
1614,346.334758
1615,346.40783
1616,346.468669
1617,346.51751
1618,346.554476
1619,346.579456
1620,346.592082
1621,346.591737
1622,346.577582
1623,346.548778
1624,346.505346
1625,346.451355
1626,346.384986
1627,346.22241
1628,345.341505
1629,345.035424
1630,344.907326
1631,344.838472
1632,344.793113
1633,344.760344
1634,344.736831
1635,344.721601
1636,344.713951
1637,344.71135
1638,344.708028
1639,344.702384
1640,344.694497
1641,344.684324
1642,344.671613
1643,344.656066
1644,344.637413
1645,344.615415
1646,344.589867
1647,344.560588
1648,344.527426
1649,344.490265
1650,344.448997
1651,344.40341
1652,344.353007
1653,344.297404
1654,344.239374
1655,344.183223
1656,344.130351
1657,344.080557
1658,344.033357
1659,343.98842
1660,343.945655
1661,343.905401
1662,343.869191
1663,343.842326
1664,343.89409
1665,343.927433
1666,343.974543
1667,344.030006
1668,344.093308
1669,344.167037
1670,344.25986
1671,344.399759
1672,344.682794
1673,345.459455
1674,345.876679
1675,346.000682
1676,346.088792
1677,346.180028
1678,346.263199
1679,346.335525
1680,346.396536
1681,346.446218
1682,346.484508
1683,346.511191
1684,346.525874
1685,346.527982
1686,346.516793
1687,346.491631
1688,346.452608
1689,346.403054
1690,346.335861
1691,346.087378
1692,345.280287
1693,345.01398
1694,344.900193
1695,344.834424
1696,344.787051
1697,344.749545
1698,344.71928
1699,344.695148
1700,344.676183
1701,344.66092
1702,344.647308
1703,344.634079
1704,344.62051
1705,344.606042
1706,344.590188
1707,344.57253
1708,344.552722
1709,344.530476
1710,344.505558
1711,344.477778
1712,344.447
1713,344.413149
1714,344.37622
1715,344.336273
1716,344.293443
1717,344.248111
1718,344.201404
1719,344.154759
1720,344.108995
1721,344.064415
1722,344.021104
1723,343.979107
1724,343.938552
1725,343.899906
1726,343.864773
1727,343.83848
1728,343.88554
1729,343.918182
1730,343.964044
1731,344.017628
1732,344.07807
1733,344.146893
1734,344.229164
1735,344.33926
1736,344.516981
1737,344.859255
1738,345.492993
1739,345.829929
1740,345.931323
1741,346.022555
1742,346.10558
1743,346.178326
1744,346.240168
1745,346.290718
1746,346.329887
1747,346.357485
1748,346.373147
1749,346.376334
1750,346.366376
1751,346.342648
1752,346.305046
1753,346.252096
1754,346.101268
1755,345.470438
1756,345.142437
1757,344.987434
1758,344.900718
1759,344.839461
1760,344.788887
1761,344.745537
1762,344.708543
1763,344.677202
1764,344.650642
1765,344.6278
1766,344.607502
1767,344.58875
1768,344.570748
1769,344.552832
1770,344.534441
1771,344.515107
1772,344.494438
1773,344.472111
1774,344.447861
1775,344.421476
1776,344.392807
1777,344.361771
1778,344.328368
1779,344.292693
1780,344.254952
1781,344.215502
1782,344.174914
1783,344.133837
1784,344.092765
1785,344.052015
1786,344.011785
1787,343.972227
1788,343.93355
1789,343.89628
1790,343.862063
1791,343.836244
1792,343.876047
1793,343.907968
1794,343.952575
1795,344.004309
1796,344.062006
1797,344.126321
1798,344.199653
1799,344.287819
1800,344.403592
1801,344.568412
1802,344.788265
1803,344.953059
1804,345.060046
1805,345.15205
1806,345.238283
1807,345.320079
1808,345.39487
1809,345.456182
1810,345.504562
1811,345.540879
1812,345.565363
1813,345.577905
1814,345.578251
1815,345.565992
1816,345.540014
1817,345.495111
1818,345.406201
1819,345.22493
1820,345.089056
1821,344.997442
1822,344.927883
1823,344.866134
1824,344.805802
1825,344.751548
1826,344.705215
1827,344.666046
1828,344.632645
1829,344.603705
1830,344.578099
1831,344.554876
1832,344.533233
1833,344.512482
1834,344.492037
1835,344.4714
1836,344.450147
1837,344.427924
1838,344.40443
1839,344.379422
1840,344.352712
1841,344.324179
1842,344.293782
1843,344.26157
1844,344.227684
1845,344.192367
1846,344.155948
1847,344.118788
1848,344.081208
1849,344.04346
1850,344.005737
1851,343.968209
1852,343.931108
1853,343.894987
1854,343.861517
1855,343.836066
1856,343.865802
1857,343.897008
1858,343.940404
1859,343.990408
1860,344.045663
1861,344.106299
1862,344.173313
1863,344.248784
1864,344.336302
1865,344.439908
1866,344.556923
1867,344.665252
1868,344.761686
1869,344.855521
1870,344.953364
1871,345.059414
1872,345.166951
1873,345.244559
1874,345.302702
1875,345.346766
1876,345.378336
1877,345.397824
1878,345.405347
1879,345.400871
1880,345.383961
1881,345.352745
1882,345.301778
1883,345.226698
1884,345.153834
1885,345.087477
1886,345.022423
1887,344.94961
1888,344.856391
1889,344.774978
1890,344.711416
1891,344.661373
1892,344.620373
1893,344.585558
1894,344.555182
1895,344.528068
1896,344.503323
1897,344.480215
1898,344.458127
1899,344.436532
1900,344.414979
1901,344.393079
1902,344.370495
1903,344.346934
1904,344.322154
1905,344.295973
1906,344.268284
1907,344.239063
1908,344.208372
1909,344.176348
1910,344.143184
1911,344.109103
1912,344.074321
1913,344.039026
1914,344.003381
1915,343.967543
1916,343.931749
1917,343.896559
1918,343.863662
1919,343.838462
1920,343.854965
1921,343.885479
1922,343.92774
1923,343.976184
1924,344.029354
1925,344.087121
1926,344.149886
1927,344.218393
1928,344.293637
1929,344.376309
1930,344.465192
1931,344.55614
1932,344.649914
1933,344.75413
1934,344.884493
1935,345.065165
1936,345.291797
1937,345.396719
1938,345.466402
1939,345.519234
1940,345.558511
1941,345.585049
1942,345.599296
1943,345.601583
1944,345.59207
1945,345.570543
1946,345.536287
1947,345.48964
1948,345.435959
1949,345.376616
1950,345.307878
1951,345.209621
1952,344.991968
1953,344.832028
1954,344.73112
1955,344.663428
1956,344.612836
1957,344.571789
1958,344.536838
1959,344.506202
1960,344.478764
1961,344.453701
1962,344.430344
1963,344.408135
1964,344.386592
1965,344.365293
1966,344.343857
1967,344.321935
1968,344.299205
1969,344.275388
1970,344.250294
1971,344.223827
1972,344.195972
1973,344.166785
1974,344.136374
1975,344.104878
1976,344.072444
1977,344.039211
1978,344.00531
1979,343.970881
1980,343.93615
1981,343.901683
1982,343.869185
1983,343.84411
1984,343.84366
1985,343.873515
1986,343.914729
1987,343.961794
1988,344.013215
1989,344.068765
1990,344.128638
1991,344.193197
1992,344.262864
1993,344.337982
1994,344.41871
1995,344.505805
1996,344.60455
1997,344.732549
1998,344.939777
1999,345.347099
2000,346.085362
2001,346.180454
2002,346.256007
2003,346.320174
2004,346.370407
2005,346.406643
2006,346.429543
2007,346.439803
2008,346.437965
2009,346.424367
2010,346.399137
2011,346.362263
2012,346.313834
2013,346.254294
2014,346.185839
2015,346.097627
2016,345.341461
2017,344.949792
2018,344.768424
2019,344.671895
2020,344.608965
2021,344.561173
2022,344.521761
2023,344.487908
2024,344.45814
2025,344.431492
2026,344.407234
2027,344.384769
2028,344.363593
2029,344.343262
2030,344.323364
2031,344.30348
2032,344.283152
2033,344.261926
2034,344.239511
2035,344.215747
2036,344.190568
2037,344.163976
2038,344.136026
2039,344.106803
2040,344.076411
2041,344.044954
2042,344.012536
2043,343.979278
2044,343.945397
2045,343.911455
2046,343.879178
2047,343.854094
2048,343.83197
2049,343.861202
2050,343.901459
2051,343.94731
2052,343.997271
2053,344.051093
2054,344.108935
2055,344.171112
2056,344.238034
2057,344.310267
2058,344.388887
2059,344.476964
2060,344.584708
2061,344.746799
2062,345.086488
2063,346.071393
2064,346.213623
2065,346.283893
2066,346.35961
2067,346.424801
2068,346.475941
2069,346.512943
2070,346.536504
2071,346.547349
2072,346.546036
2073,346.532918
2074,346.508133
2075,346.471616
2076,346.423224
2077,346.363338
2078,346.295141
2079,346.232475
2080,346.091495
2081,345.131045
2082,344.817034
2083,344.683404
2084,344.606924
2085,344.552414
2086,344.508823
2087,344.472101
2088,344.440369
2089,344.412509
2090,344.387724
2091,344.365398
2092,344.34503
2093,344.326204
2094,344.308532
2095,344.291548
2096,344.274523
2097,344.2565
2098,344.237097
2099,344.216176
2100,344.193677
2101,344.169589
2102,344.143944
2103,344.116805
2104,344.08825
2105,344.058361
2106,344.027223
2107,343.994942
2108,343.961719
2109,343.928115
2110,343.895877
2111,343.870638
2112,343.819945
2113,343.848583
2114,343.887962
2115,343.932742
2116,343.981472
2117,344.033922
2118,344.090282
2119,344.150925
2120,344.216384
2121,344.287495
2122,344.365925
2123,344.455922
2124,344.570077
2125,344.748294
2126,345.120903
2127,346.114483
2128,346.233023
2129,346.308599
2130,346.389827
2131,346.459585
2132,346.514372
2133,346.5543
2134,346.580226
2135,346.592967
2136,346.593104
2137,346.580937
2138,346.556476
2139,346.519456
2140,346.469466
2141,346.406608
2142,346.333989
2143,346.266585
2144,346.150462
2145,345.188299
2146,344.841725
2147,344.690038
2148,344.604162
2149,344.544156
2150,344.496984
2151,344.457838
2152,344.424543
2153,344.395857
2154,344.370946
2155,344.34921
2156,344.330233
2157,344.313781
2158,344.299753
2159,344.287858
2160,344.276731
2161,344.26339
2162,344.247735
2163,344.230022
2164,344.210371
2165,344.188831
2166,344.165456
2167,344.140311
2168,344.113472
2169,344.085014
2170,344.055009
2171,344.023547
2172,343.990817
2173,343.957372
2174,343.924987
2175,343.899431
2176,343.807598
2177,343.835668
2178,343.87423
2179,343.918049
2180,343.965717
2181,344.017044
2182,344.07227
2183,344.131852
2184,344.196458
2185,344.26715
2186,344.345965
2187,344.43776
2188,344.556106
2189,344.742323
2190,345.127205
2191,346.130353
2192,346.2492
2193,346.330157
2194,346.417231
2195,346.492059
2196,346.550997
2197,346.594275
2198,346.622888
2199,346.637735
2200,346.639412
2201,346.628163
2202,346.603867
2203,346.566062
2204,346.514099
2205,346.447876
2206,346.370587
2207,346.298419
2208,346.182119
2209,345.21206
2210,344.852894
2211,344.691757
2212,344.599614
2213,344.535405
2214,344.485359
2215,344.444297
2216,344.409869
2217,344.380763
2218,344.35615
2219,344.33553
2220,344.318763
2221,344.306258
2222,344.299162
2223,344.298735
2224,344.302462
2225,344.297329
2226,344.286785
2227,344.272949
2228,344.256528
2229,344.237759
2230,344.216766
2231,344.193654
2232,344.168519
2233,344.14144
2234,344.112487
2235,344.081739
2236,344.049366
2237,344.015909
2238,343.983173
2239,343.957112
2240,343.794922
2241,343.822439
2242,343.860226
2243,343.903159
2244,343.949881
2245,344.000242
2246,344.054539
2247,344.113308
2248,344.177338
2249,344.247857
2250,344.327142
2251,344.420383
2252,344.541591
2253,344.732615
2254,345.124687
2255,346.138191
2256,346.257963
2257,346.343127
2258,346.435011
2259,346.514182
2260,346.576772
2261,346.623036
2262,346.654041
2263,346.670737
2264,346.673722
2265,346.663192
2266,346.638924
2267,346.60031
2268,346.546546
2269,346.477435
2270,346.39635
2271,346.32051
2272,346.203324
2273,345.223178
2274,344.856289
2275,344.689233
2276,344.59275
2277,344.525425
2278,344.473214
2279,344.430766
2280,344.395647
2281,344.36653
2282,344.342653
2283,344.323749
2284,344.310351
2285,344.304677
2286,344.312356
2287,344.343119
2288,344.397612
2289,344.407332
2290,344.403732
2291,344.394872
2292,344.382499
2293,344.367103
2294,344.348929
2295,344.328158
2296,344.304933
2297,344.279361
2298,344.251516
2299,344.221464
2300,344.189354
2301,344.155706
2302,344.122358
2303,344.095516
2304,343.781891
2305,343.80886
2306,343.845894
2307,343.887983
2308,343.933821
2309,343.983299
2310,344.036765
2311,344.094823
2312,344.158355
2313,344.228714
2314,344.308332
2315,344.402593
2316,344.525739
2317,344.719901
2318,345.116772
2319,346.138201
2320,346.258657
2321,346.346836
2322,346.442294
2323,346.524802
2324,346.590269
2325,346.638924
2326,346.671857
2327,346.69004
2328,346.694064
2329,346.684085
2330,346.659808
2331,346.620531
2332,346.56536
2333,346.494073
2334,346.410223
2335,346.331797
2336,346.213948
2337,345.225835
2338,344.853655
2339,344.682629
2340,344.58315
2341,344.513639
2342,344.459938
2343,344.416632
2344,344.381259
2345,344.352521
2346,344.329786
2347,344.313197
2348,344.304559
2349,344.310222
2350,344.349046
2351,344.468703
2352,344.736135
2353,344.7547
2354,344.758049
2355,344.756327
2356,344.750133
2357,344.739857
2358,344.725887
2359,344.708546
2360,344.688073
2361,344.664632
2362,344.638314
2363,344.609173
2364,344.577319
2365,344.543225
2366,344.508752
2367,344.480485
2368,343.768468
2369,343.794885
2370,343.831169
2371,343.872426
2372,343.917398
2373,343.966016
2374,344.018666
2375,344.07601
2376,344.138996
2377,344.209065
2378,344.288753
2379,344.383562
2380,344.507866
2381,344.703962
2382,345.103885
2383,346.130558
2384,346.25146
2385,346.341643
2386,346.439543
2387,346.524395
2388,346.591934
2389,346.642347
2390,346.676723
2391,346.696034
2392,346.70086
2393,346.691326
2394,346.667089
2395,346.627387
2396,346.571279
2397,346.498544
2398,346.412879
2399,346.33278
2400,346.214497
2401,345.221047
2402,344.845424
2403,344.671851
2404,344.570458
2405,344.499585
2406,344.445034
2407,344.401375
2408,344.366157
2409,344.338139
2410,344.316857
2411,344.302947
2412,344.299887
2413,344.320366
2414,344.409842
2415,344.738523
2416,344.812209
2417,344.81926
2418,344.823066
2419,344.822244
2420,344.816815
2421,344.807164
2422,344.793701
2423,344.776772
2424,344.756629
2425,344.733441
2426,344.707304
2427,344.67827
2428,344.646444
2429,344.61229
2430,344.577662
2431,344.54917
2432,343.754614
2433,343.780468
2434,343.815988
2435,343.856397
2436,343.900486
2437,343.948215
2438,344.000003
2439,344.05655
2440,344.118854
2441,344.188414
2442,344.267832
2443,344.362682
2444,344.487413
2445,344.684416
2446,345.085922
2447,346.115458
2448,346.236606
2449,346.327943
2450,346.427289
2451,346.513574
2452,346.582422
2453,346.633985
2454,346.669339
2455,346.689451
2456,346.694888
2457,346.685749
2458,346.661657
2459,346.621818
2460,346.56526
2461,346.491769
2462,346.405128
2463,346.324123
2464,346.205602
2465,345.209194
2466,344.831683
2467,344.656748
2468,344.554384
2469,344.482899
2470,344.428098
2471,344.384561
2472,344.349868
2473,344.322845
2474,344.303172
2475,344.291832
2476,344.293218
2477,344.322427
2478,344.429928
2479,344.783556
2480,344.829391
2481,344.838913
2482,344.845589
2483,344.847206
2484,344.843748
2485,344.835684
2486,344.823504
2487,344.807609
2488,344.788289
2489,344.765733
2490,344.740045
2491,344.711274
2492,344.679511
2493,344.6452
2494,344.610179
2495,344.581142
2496,343.740293
2497,343.765563
2498,343.80029
2499,343.839816
2500,343.882975
2501,343.929749
2502,343.98058
2503,344.036193
2504,344.097616
2505,344.166384
2506,344.245139
2507,344.339494
2508,344.463937
2509,344.660899
2510,345.062671
2511,346.092948
2512,346.214167
2513,346.305912
2514,346.405812
2515,346.492694
2516,346.562137
2517,346.614276
2518,346.650178
2519,346.670798
2520,346.676692
2521,346.667939
2522,346.644142
2523,346.604481
2524,346.547965
2525,346.474376
2526,346.387524
2527,346.306285
2528,346.187698
2529,345.190442
2530,344.812418
2531,344.637178
2532,344.534697
2533,344.463299
2534,344.408809
2535,344.365834
2536,344.331998
2537,344.306189
2538,344.288197
2539,344.27921
2540,344.284021
2541,344.318437
2542,344.433506
2543,344.793864
2544,344.839255
2545,344.851686
2546,344.861519
2547,344.865895
2548,344.864721
2549,344.858527
2550,344.847874
2551,344.833218
2552,344.81489
2553,344.793103
2554,344.767969
2555,344.739536
2556,344.707878
2557,344.673419
2558,344.637991
2559,344.60841
2560,343.725472
2561,343.750134
2562,343.784029
2563,343.822619
2564,343.864776
2565,343.910501
2566,343.960246
2567,344.014747
2568,344.075047
2569,344.142695
2570,344.220352
2571,344.313647
2572,344.437079
2573,344.633072
2574,345.033854
2575,346.062875
2576,346.184
2577,346.275458
2578,346.375072
2579,346.461756
2580,346.531114
2581,346.583283
2582,346.619326
2583,346.640191
2584,346.64642
2585,346.638079
2586,346.614756
2587,346.575613
2588,346.519643
2589,346.446605
2590,346.360274
2591,346.279438
2592,346.160943
2593,345.164812
2594,344.787561
2595,344.613006
2596,344.511219
2597,344.440571
2598,344.386922
2599,344.34492
2600,344.312236
2601,344.287819
2602,344.271542
2603,344.26472
2604,344.272339
2605,344.310496
2606,344.430611
2607,344.798051
2608,344.844037
2609,344.859091
2610,344.871908
2611,344.878994
2612,344.880131
2613,344.875866
2614,344.866812
2615,344.853471
2616,344.836209
2617,344.815261
2618,344.790749
2619,344.762717
2620,344.731227
2621,344.696688
2622,344.660937
2623,344.630911
2624,343.71013
2625,343.734154
2626,343.76717
2627,343.804759
2628,343.84583
2629,343.89039
2630,343.938895
2631,343.992078
2632,344.05098
2633,344.117148
2634,344.193238
2635,344.284874
2636,344.40654
2637,344.600612
2638,344.999125
2639,346.024869
2640,346.145735
2641,346.236206
2642,346.334694
2643,346.420389
2644,346.488987
2645,346.540653
2646,346.576449
2647,346.597316
2648,346.603783
2649,346.595909
2650,346.573267
2651,346.535012
2652,346.480117
2653,346.408302
2654,346.323244
2655,346.243456
2656,346.125213
2657,345.132185
2658,344.756989
2659,344.584103
2660,344.483809
2661,344.414557
2662,344.362261
2663,344.321618
2664,344.290352
2665,344.267473
2666,344.252927
2667,344.248112
2668,344.258133
2669,344.299265
2670,344.423303
2671,344.796784
2672,344.843277
2673,344.860447
2674,344.875761
2675,344.885192
2676,344.888384
2677,344.885876
2678,344.878304
2679,344.866206
2680,344.849971
2681,344.829852
2682,344.805979
2683,344.778393
2684,344.747149
2685,344.712643
2686,344.676723
2687,344.64642
2688,343.694255
2689,343.717609
2690,343.749694
2691,343.786212
2692,343.8261
2693,343.86937
2694,343.916466
2695,343.968107
2696,344.025316
2697,344.089617
2698,344.16364
2699,344.252976
2700,344.372068
2701,344.563188
2702,344.958052
2703,345.978343
2704,346.098769
2705,346.1875
2706,346.283968
2707,346.367846
2708,346.434995
2709,346.485621
2710,346.52079
2711,346.54143
2712,346.548059
2713,346.540726
2714,346.519003
2715,346.482038
2716,346.428791
2717,346.358928
2718,346.275961
2719,346.197927
2720,346.08011
2721,345.092308
2722,344.720531
2723,344.550347
2724,344.452366
2725,344.385162
2726,344.334721
2727,344.295803
2728,344.266198
2729,344.244979
2730,344.23216
2731,344.22921
2732,344.241317
2733,344.284892
2734,344.412049
2735,344.790336
2736,344.837224
2737,344.85605
2738,344.873363
2739,344.88472
2740,344.889644
2741,344.888649
2742,344.882387
2743,344.871411
2744,344.856129
2745,344.836806
2746,344.813575
2747,344.786479
2748,344.755567
2749,344.721227
2750,344.685313
2751,344.654907
2752,343.677849
2753,343.700501
2754,343.731601
2755,343.766972
2756,343.805579
2757,343.847427
2758,343.89294
2759,343.94281
2760,343.998021
2761,344.060053
2762,344.13148
2763,344.217828
2764,344.333451
2765,344.520462
2766,344.910126
2767,345.922528
2768,346.042309
2769,346.128437
2770,346.221886
2771,346.303053
2772,346.368027
2773,346.417067
2774,346.451233
2775,346.47143
2776,346.478159
2777,346.471462
2778,346.450916
2779,346.415679
2780,346.364709
2781,346.297612
2782,346.217669
2783,346.142211
2784,346.025019
2785,345.044809
2786,344.677973
2787,344.511629
2788,344.416842
2789,344.352357
2790,344.304268
2791,344.267426
2792,344.2397
2793,344.220242
2794,344.209133
2795,344.207909
2796,344.221829
2797,344.267412
2798,344.397032
2799,344.779037
2800,344.826228
2801,344.84632
2802,344.865186
2803,344.87807
2804,344.884398
2805,344.884664
2806,344.879521
2807,344.869534
2808,344.85512
2809,344.836551
2810,344.813967
2811,344.787408
2812,344.756919
2813,344.722884
2814,344.687153
2815,344.656815
2816,343.660927
2817,343.682843
2818,343.712906
2819,343.747058
2820,343.784286
2821,343.824584
2822,343.868345
2823,343.916217
2824,343.969129
2825,344.028486
2826,344.096767
2827,344.179377
2828,344.29051
2829,344.472044
2830,344.854725
2831,345.856672
2832,345.975573
2833,346.058066
2834,346.147358
2835,346.224841
2836,346.286888
2837,346.333797
2838,346.366596
2839,346.386147
2840,346.392926
2841,346.386968
2842,346.367868
2843,346.334817
2844,346.286798
2845,346.223371
2846,346.147536
2847,346.075645
2848,345.959308
2849,344.989185
2850,344.629025
2851,344.467855
2852,344.377249
2853,344.316193
2854,344.270951
2855,344.236513
2856,344.210861
2857,344.19324
2858,344.183806
2859,344.184166
2860,344.199644
2861,344.24685
2862,344.378364
2863,344.763145
2864,344.810561
2865,344.831585
2866,344.851606
2867,344.865648
2868,344.873069
2869,344.874345
2870,344.87013
2871,344.860994
2872,344.847361
2873,344.829506
2874,344.807572
2875,344.781598
2876,344.751627
2877,344.718037
2878,344.682662
2879,344.652559
2880,343.643513
2881,343.664664
2882,343.69364
2883,343.726506
2884,343.762267
2885,343.800897
2886,343.842749
2887,343.888415
2888,343.938744
2889,343.995032
2890,344.059608
2891,344.13765
2892,344.243034
2893,344.417261
2894,344.79079
2895,345.780737
2896,345.898551
2897,345.976196
2898,346.060086
2899,346.132902
2900,346.191309
2901,346.235598
2902,346.266715
2903,346.285452
2904,346.29224
2905,346.287113
2906,346.269698
2907,346.239252
2908,346.194833
2909,346.136005
2910,346.065475
2911,345.998336
2912,345.883053
2913,344.924489
2914,344.573108
2915,344.418888
2916,344.33367
2917,344.276816
2918,344.234911
2919,344.203177
2920,344.179758
2921,344.164016
2922,344.156201
2923,344.157989
2924,344.174769
2925,344.223233
2926,344.356116
2927,344.742814
2928,344.790384
2929,344.812034
2930,344.832842
2931,344.847692
2932,344.855905
2933,344.857946
2934,344.854471
2935,344.846049
2936,344.83311
2937,344.815929
2938,344.794649
2939,344.769311
2940,344.739954
2941,344.706947
2942,344.672102
2943,344.642393
2944,343.625643
2945,343.646004
2946,343.673849
2947,343.705371
2948,343.739589
2949,343.776451
2950,343.816263
2951,343.859544
2952,343.907043
2953,343.959907
2954,344.020219
2955,344.092732
2956,344.190561
2957,344.354161
2958,344.714406
2959,345.697095
2960,345.814701
2961,345.886312
2962,345.963765
2963,346.031217
2964,346.085548
2965,346.126947
2966,346.156221
2967,346.174053
2968,346.180822
2969,346.176556
2970,346.160934
2971,346.133314
2972,346.092887
2973,346.039318
2974,345.975103
2975,345.913881
2976,345.798782
2977,344.846985
2978,344.508386
2979,344.364339
2980,344.286245
2981,344.234483
2982,344.19639
2983,344.167612
2984,344.146535
2985,344.132676
2986,344.126387
2987,344.129423
2988,344.147237
2989,344.196585
2990,344.330313
2991,344.718083
2992,344.765736
2993,344.787714
2994,344.808946
2995,344.82426
2996,344.832966
2997,344.835529
2998,344.832604
2999,344.824762
3000,344.812429
3001,344.795882
3002,344.775263
3003,344.750612
3004,344.721965
3005,344.689682
3006,344.655537
3007,344.626384
3008,343.607365
3009,343.626911
3010,343.653592
3011,343.683723
3012,343.716338
3013,343.751356
3014,343.789028
3015,343.829792
3016,343.874274
3017,343.923425
3018,343.97896
3019,344.044808
3020,344.132067
3021,344.2766
3022,344.6047
3023,345.595065
3024,345.740041
3025,345.805788
3026,345.877226
3027,345.939881
3028,345.990668
3029,346.029593
3030,346.057297
3031,346.074356
3032,346.081093
3033,346.077535
3034,346.063412
3035,346.038186
3036,346.001213
3037,345.952338
3038,345.894025
3039,345.838566
3040,345.69648
3041,344.736298
3042,344.428895
3043,344.303266
3044,344.23521
3045,344.189597
3046,344.15574
3047,344.130092
3048,344.111402
3049,344.099376
3050,344.094481
3051,344.098551
3052,344.117095
3053,344.166924
3054,344.30094
3055,344.688883
3056,344.736545
3057,344.758534
3058,344.779811
3059,344.795232
3060,344.804124
3061,344.806962
3062,344.804397
3063,344.796998
3064,344.785186
3065,344.769234
3066,344.749283
3067,344.72537
3068,344.697531
3069,344.666112
3070,344.632843
3071,344.604407
3072,343.588729
3073,343.607445
3074,343.632935
3075,343.661644
3076,343.692617
3077,343.725743
3078,343.761215
3079,343.799384
3080,343.840744
3081,343.886016
3082,343.936426
3083,343.994576
3084,344.06714
3085,344.172983
3086,344.365457
3087,344.778071
3088,345.593434
3089,345.686419
3090,345.757634
3091,345.819217
3092,345.869153
3093,345.907476
3094,345.934795
3095,345.951662
3096,345.958386
3097,345.954994
3098,345.941228
3099,345.916578
3100,345.880428
3101,345.832604
3102,345.774534
3103,345.692428
3104,344.891845
3105,344.497858
3106,344.323277
3107,344.235321
3108,344.181311
3109,344.142796
3110,344.11343
3111,344.090965
3112,344.074622
3113,344.064318
3114,344.060637
3115,344.065483
3116,344.084412
3117,344.134264
3118,344.26794
3119,344.655055
3120,344.702642
3121,344.724286
3122,344.745188
3123,344.760331
3124,344.769088
3125,344.771945
3126,344.769548
3127,344.762456
3128,344.751079
3129,344.735685
3130,344.716407
3131,344.693284
3132,344.666349
3133,344.635938
3134,344.60372
3135,344.576171
3136,343.569792
3137,343.587665
3138,343.61195
3139,343.639219
3140,343.668533
3141,343.69975
3142,343.733005
3143,343.768564
3144,343.806794
3145,343.848194
3146,343.893536
3147,343.944253
3148,344.00351
3149,344.078804
3150,344.186812
3151,344.355225
3152,344.585137
3153,344.683644
3154,344.747189
3155,344.796917
3156,344.836795
3157,344.867799
3158,344.890392
3159,344.904877
3160,344.911421
3161,344.910048
3162,344.900639
3163,344.882934
3164,344.856498
3165,344.82034
3166,344.770398
3167,344.685467
3168,344.470296
3169,344.317889
3170,344.226377
3171,344.168151
3172,344.126788
3173,344.095046
3174,344.07003
3175,344.050631
3176,344.036498
3177,344.027742
3178,344.025046
3179,344.030362
3180,344.049272
3181,344.098618
3182,344.231247
3183,344.616434
3184,344.663848
3185,344.684725
3186,344.704773
3187,344.719216
3188,344.727501
3189,344.730117
3190,344.727697
3191,344.720778
3192,344.709753
3193,344.694876
3194,344.676277
3195,344.65399
3196,344.628052
3197,344.598787
3198,344.5678
3199,344.541311
3200,343.550611
3201,343.567635
3202,343.59071
3203,343.616537
3204,343.644196
3205,343.673515
3206,343.704579
3207,343.737574
3208,343.772754
3209,343.810439
3210,343.851064
3211,343.895308
3212,343.94442
3213,344.000834
3214,344.068761
3215,344.152423
3216,344.245125
3217,344.310817
3218,344.360986
3219,344.401746
3220,344.434978
3221,344.461239
3222,344.480758
3223,344.493675
3224,344.500071
3225,344.499969
3226,344.493332
3227,344.480066
3228,344.459982
3229,344.432559
3230,344.395944
3231,344.344101
3232,344.265832
3233,344.197278
3234,344.145062
3235,344.10504
3236,344.073158
3237,344.047177
3238,344.026083
3239,344.009489
3240,343.997348
3241,343.989915
3242,343.987931
3243,343.993365
3244,344.011779
3245,344.059981
3246,344.190789
3247,344.57313
3248,344.620269
3249,344.639874
3250,344.658534
3251,344.671835
3252,344.679308
3253,344.681434
3254,344.678811
3255,344.67194
3256,344.661188
3257,344.646789
3258,344.628864
3259,344.607448
3260,344.58258
3261,344.55458
3262,344.524988
3263,344.49973
3264,343.531243
3265,343.547417
3266,343.569285
3267,343.593683
3268,343.61971
3269,343.647171
3270,343.676103
3271,343.706628
3272,343.738908
3273,343.773128
3274,343.809504
3275,343.848304
3276,343.88991
3277,343.934899
3278,343.983954
3279,344.037004
3280,344.090752
3281,344.137302
3282,344.176962
3283,344.210669
3284,344.238786
3285,344.261399
3286,344.278531
3287,344.290208
3288,344.296455
3289,344.297294
3290,344.292741
3291,344.282815
3292,344.267534
3293,344.246858
3294,344.220478
3295,344.187525
3296,344.147803
3297,344.109288
3298,344.075332
3299,344.046102
3300,344.021044
3301,343.99975
3302,343.982041
3303,343.967911
3304,343.957494
3305,343.951121
3306,343.949549
3307,343.954696
3308,343.972008
3309,344.018173
3310,344.14624
3311,344.526416
3312,344.573342
3313,344.591142
3314,344.607903
3315,344.619679
3316,344.626068
3317,344.627511
3318,344.624545
3319,344.617621
3320,344.607067
3321,344.593095
3322,344.575813
3323,344.555258
3324,344.531479
3325,344.504795
3326,344.476693
3327,344.452794
3328,343.511739
3329,343.527068
3330,343.547741
3331,343.570734
3332,343.595168
3333,343.620831
3334,343.64772
3335,343.675905
3336,343.705476
3337,343.736525
3338,343.769135
3339,343.803368
3340,343.839254
3341,343.876771
3342,343.915741
3343,343.95555
3344,343.994667
3345,344.030784
3346,344.063117
3347,344.09139
3348,344.115417
3349,344.135051
3350,344.150202
3351,344.160825
3352,344.166915
3353,344.168489
3354,344.165595
3355,344.158316
3356,344.146785
3357,344.131192
3358,344.111775
3359,344.088868
3360,344.063326
3361,344.037527
3362,344.013077
3363,343.990685
3364,343.970643
3365,343.953118
3366,343.938258
3367,343.926227
3368,343.917243
3369,343.91166
3370,343.910188
3371,343.91458
3372,343.929901
3373,343.972194
3374,344.094763
3375,344.47874
3376,344.529345
3377,344.545166
3378,344.55991
3379,344.570117
3380,344.575409
3381,344.576154
3382,344.572815
3383,344.565786
3384,344.555358
3385,344.541717
3386,344.524962
3387,344.505132
3388,344.482284
3389,344.456751
3390,344.429989
3391,344.407372
3392,343.492147
3393,343.506637
3394,343.526136
3395,343.547758
3396,343.570652
3397,343.594592
3398,343.619547
3399,343.645543
3400,343.672618
3401,343.700803
3402,343.730102
3403,343.760478
3404,343.791831
3405,343.823973
3406,343.856573
3407,343.889085
3408,343.920674
3409,343.95035
3410,343.977442
3411,344.001507
3412,344.022233
3413,344.039403
3414,344.05288
3415,344.062592
3416,344.068512
3417,344.07066
3418,344.069094
3419,344.063925
3420,344.055329
3421,344.043563
3422,344.028983
3423,344.012084
3424,343.993593
3425,343.974563
3426,343.9559
3427,343.938235
3428,343.921999
3429,343.907504
3430,343.895001
3431,343.884714
3432,343.876884
3433,343.871841
3434,343.870178
3435,343.873302
3436,343.885248
3437,343.91899
3438,344.019114
3439,344.347487
3440,344.478881
3441,344.494842
3442,344.508153
3443,344.517125
3444,344.521551
3445,344.521742
3446,344.518099
3447,344.510966
3448,344.500603
3449,344.487178
3450,344.470784
3451,344.451458
3452,344.429269
3453,344.404562
3454,344.378792
3455,344.35719
3456,343.472504
3457,343.486169
3458,343.504517
3459,343.524811
3460,343.546226
3461,343.568531
3462,343.59167
3463,343.615638
3464,343.640438
3465,343.666058
3466,343.692458
3467,343.719557
3468,343.747213
3469,343.77521
3470,343.803233
3471,343.830856
3472,343.857541
3473,343.88271
3474,343.905867
3475,343.926618
3476,343.944666
3477,343.959793
3478,343.971857
3479,343.980775
3480,343.986517
3481,343.989099
3482,343.988582
3483,343.985083
3484,343.978778
3485,343.969921
3486,343.95885
3487,343.946001
3488,343.931921
3489,343.917242
3490,343.902563
3491,343.888384
3492,343.875105
3493,343.863045
3494,343.852468
3495,343.843604
3496,343.836683
3497,343.831979
3498,343.829925
3499,343.831434
3500,343.83887
3501,343.858939
3502,343.910587
3503,344.041736
3504,344.328241
3505,344.364004
3506,344.377633
3507,344.385622
3508,344.38925
3509,344.388914
3510,344.384972
3511,344.37773
3512,344.36742
3513,344.354193
3514,344.338134
3515,344.319282
3516,344.297712
3517,344.27378
3518,344.248925
3519,344.228234
3520,343.452843
3521,343.465695
3522,343.482923
3523,343.501934
3524,343.52194
3525,343.542702
3526,343.56415
3527,343.586255
3528,343.608995
3529,343.632331
3530,343.6562
3531,343.680501
3532,343.705088
3533,343.729757
3534,343.754238
3535,343.778201
3536,343.801261
3537,343.823021
3538,343.843111
3539,343.861214
3540,343.877077
3541,343.890509
3542,343.901379
3543,343.909606
3544,343.915161
3545,343.918057
3546,343.918354
3547,343.916159
3548,343.911636
3549,343.905008
3550,343.896562
3551,343.886653
3552,343.875693
3553,343.864126
3554,343.852389
3555,343.840874
3556,343.829921
3557,343.819814
3558,343.810797
3559,343.803083
3560,343.796872
3561,343.792376
3562,343.78988
3563,343.789885
3564,343.793494
3565,343.803353
3566,343.825433
3567,343.869998
3568,343.939293
3569,343.963357
3570,343.972709
3571,343.976506
3572,343.976851
3573,343.974299
3574,343.969086
3575,343.961375
3576,343.951284
3577,343.938899
3578,343.924271
3579,343.907442
3580,343.888507
3581,343.867817
3582,343.846639
3583,343.829216
3584,343.433185
3585,343.445239
3586,343.46138
3587,343.47916
3588,343.497827
3589,343.517142
3590,343.537024
3591,343.557427
3592,343.57831
3593,343.599621
3594,343.621282
3595,343.643189
3596,343.665201
3597,343.687137
3598,343.708773
3599,343.729846
3600,343.750067
3601,343.769138
3602,343.786779
3603,343.802739
3604,343.816811
3605,343.828833
3606,343.838691
3607,343.846314
3608,343.851674
3609,343.854784
3610,343.855698
3611,343.85451
3612,343.851363
3613,343.846446
3614,343.839997
3615,343.832298
3616,343.823667
3617,343.814439
3618,343.804947
3619,343.795504
3620,343.786388
3621,343.777844
3622,343.770085
3623,343.763295
3624,343.757641
3625,343.753282
3626,343.750396
3627,343.749225
3628,343.750201
3629,343.754175
3630,343.762661
3631,343.777297
3632,343.796027
3633,343.805741
3634,343.809808
3635,343.810587
3636,343.80891
3637,343.805041
3638,343.799088
3639,343.791124
3640,343.781209
3641,343.769388
3642,343.755698
3643,343.740181
3644,343.722937
3645,343.704304
3646,343.685412
3647,343.669974
3648,343.413541
3649,343.424816
3650,343.439904
3651,343.456507
3652,343.473909
3653,343.491875
3654,343.510313
3655,343.529167
3656,343.548385
3657,343.567902
3658,343.587639
3659,343.607491
3660,343.627329
3661,343.646993
3662,343.666296
3663,343.685028
3664,343.702961
3665,343.719865
3666,343.735521
3667,343.749729
3668,343.762322
3669,343.773166
3670,343.782164
3671,343.789256
3672,343.794416
3673,343.797656
3674,343.799023
3675,343.7986
3676,343.796507
3677,343.792902
3678,343.78798
3679,343.781965
3680,343.775109
3681,343.767672
3682,343.759918
3683,343.752095
3684,343.744434
3685,343.737139
3686,343.73039
3687,343.724343
3688,343.719135
3689,343.714883
3690,343.711695
3691,343.709678
3692,343.70897
3693,343.709768
3694,343.712323
3695,343.716644
3696,343.721626
3697,343.724405
3698,343.724953
3699,343.723614
3700,343.720544
3701,343.715787
3702,343.709356
3703,343.70127
3704,343.691549
3705,343.680219
3706,343.667307
3707,343.652855
3708,343.636965
3709,343.619958
3710,343.60286
3711,343.588978
3712,343.39392
3713,343.404435
3714,343.418508
3715,343.43399
3716,343.450203
3717,343.466916
3718,343.48403
3719,343.501481
3720,343.519208
3721,343.537142
3722,343.555201
3723,343.573286
3724,343.591278
3725,343.609038
3726,343.626408
3727,343.643215
3728,343.659277
3729,343.67441
3730,343.688439
3731,343.701204
3732,343.712569
3733,343.722424
3734,343.730687
3735,343.737306
3736,343.742262
3737,343.745564
3738,343.747252
3739,343.747397
3740,343.7461
3741,343.743494
3742,343.739736
3743,343.73501
3744,343.729514
3745,343.723459
3746,343.717053
3747,343.7105
3748,343.703988
3749,343.697688
3750,343.69175
3751,343.686306
3752,343.681464
3753,343.677312
3754,343.673915
3755,343.671318
3756,343.669541
3757,343.66858
3758,343.668375
3759,343.66872
3760,343.669089
3761,343.668654
3762,343.667111
3763,343.664358
3764,343.660327
3765,343.654964
3766,343.648238
3767,343.640131
3768,343.630647
3769,343.619795
3770,343.607599
3771,343.594102
3772,343.579408
3773,343.563821
3774,343.548275
3775,343.535736
3776,343.374334
3777,343.38411
3778,343.39721
3779,343.411633
3780,343.426736
3781,343.442293
3782,343.458199
3783,343.474384
3784,343.490781
3785,343.50732
3786,343.523919
3787,343.540483
3788,343.556904
3789,343.573061
3790,343.588818
3791,343.60403
3792,343.618547
3793,343.63222
3794,343.644906
3795,343.656476
3796,343.666815
3797,343.675834
3798,343.683464
3799,343.689661
3800,343.69441
3801,343.697717
3802,343.699618
3803,343.700172
3804,343.699466
3805,343.697609
3806,343.694732
3807,343.690985
3808,343.68653
3809,343.681536
3810,343.676176
3811,343.670614
3812,343.665008
3813,343.659499
3814,343.654215
3815,343.649262
3816,343.64473
3817,343.640684
3818,343.637166
3819,343.634189
3820,343.631736
3821,343.629747
3822,343.628113
3823,343.626644
3824,343.625052
3825,343.622984
3826,343.620198
3827,343.61653
3828,343.611866
3829,343.606122
3830,343.599247
3831,343.591212
3832,343.582007
3833,343.571636
3834,343.560121
3835,343.547508
3836,343.533902
3837,343.519592
3838,343.50543
3839,343.494085
3840,343.354843
3841,343.363906
3842,343.376084
3843,343.389515
3844,343.403594
3845,343.418094
3846,343.432908
3847,343.447959
3848,343.463179
3849,343.478494
3850,343.493825
3851,343.509084
3852,343.52417
3853,343.538975
3854,343.553383
3855,343.567269
3856,343.580507
3857,343.592973
3858,343.604547
3859,343.615122
3860,343.624603
3861,343.632913
3862,343.639996
3863,343.645814
3864,343.650353
3865,343.653621
3866,343.655647
3867,343.656482
3868,343.6562
3869,343.654893
3870,343.652671
3871,343.649657
3872,343.645987
3873,343.641802
3874,343.637243
3875,343.632449
3876,343.627552
3877,343.62267
3878,343.617911
3879,343.613364
3880,343.609101
3881,343.605174
3882,343.601609
3883,343.598409
3884,343.595542
3885,343.592944
3886,343.590511
3887,343.588095
3888,343.585508
3889,343.582543
3890,343.57902
3891,343.574794
3892,343.569752
3893,343.563811
3894,343.556915
3895,343.54903
3896,343.540142
3897,343.530254
3898,343.519389
3899,343.507594
3900,343.494979
3901,343.481817
3902,343.468895
3903,343.458617
3904,343.335685
3905,343.344075
3906,343.355397
3907,343.367923
3908,343.381076
3909,343.39463
3910,343.408473
3911,343.422527
3912,343.436718
3913,343.450976
3914,343.465221
3915,343.47937
3916,343.493333
3917,343.50701
3918,343.520299
3919,343.53309
3920,343.545276
3921,343.55675
3922,343.567409
3923,343.577162
3924,343.585928
3925,343.593642
3926,343.600253
3927,343.605732
3928,343.610064
3929,343.613257
3930,343.615337
3931,343.616349
3932,343.616355
3933,343.615434
3934,343.613681
3935,343.611201
3936,343.608109
3937,343.604524
3938,343.600567
3939,343.596357
3940,343.592004
3941,343.587612
3942,343.583272
3943,343.57906
3944,343.575036
3945,343.571241
3946,343.567694
3947,343.564391
3948,343.5613
3949,343.558363
3950,343.55549
3951,343.552564
3952,343.549449
3953,343.545997
3954,343.54207
3955,343.537547
3956,343.532329
3957,343.52634
3958,343.519526
3959,343.511855
3960,343.503312
3961,343.493899
3962,343.483642
3963,343.472592
3964,343.46086
3965,343.448713
3966,343.436882
3967,343.427547
3968,343.317724
3969,343.325511
3970,343.336086
3971,343.347834
3972,343.360195
3973,343.372946
3974,343.38597
3975,343.399186
3976,343.412521
3977,343.425903
3978,343.439258
3979,343.452505
3980,343.465561
3981,343.478334
3982,343.49073
3983,343.502654
3984,343.514008
3985,343.524697
3986,343.534632
3987,343.543731
3988,343.551924
3989,343.559153
3990,343.565374
3991,343.570559
3992,343.574697
3993,343.577795
3994,343.579875
3995,343.580978
3996,343.581158
3997,343.580486
3998,343.579045
3999,343.576928
4000,343.574235
4001,343.57107
4002,343.567541
4003,343.56375
4004,343.559796
4005,343.55577
4006,343.551752
4007,343.547808
4008,343.543991
4009,343.540334
4010,343.536852
4011,343.533539
4012,343.530366
4013,343.527278
4014,343.524201
4015,343.521037
4016,343.517677
4017,343.514005
4018,343.509906
4019,343.50528
4020,343.500039
4021,343.494114
4022,343.487457
4023,343.480037
4024,343.471839
4025,343.462868
4026,343.45315
4027,343.442741
4028,343.431753
4029,343.420452
4030,343.409527
4031,343.400987
4032,343.303889
4033,343.311235
4034,343.321282
4035,343.332485
4036,343.344293
4037,343.356483
4038,343.368937
4039,343.381572
4040,343.394315
4041,343.407097
4042,343.419845
4043,343.432482
4044,343.444928
4045,343.457097
4046,343.468901
4047,343.48025
4048,343.491054
4049,343.501225
4050,343.510681
4051,343.519346
4052,343.527156
4053,343.534056
4054,343.540006
4055,343.544981
4056,343.54897
4057,343.551979
4058,343.55403
4059,343.55516
4060,343.55542
4061,343.554874
4062,343.553599
4063,343.551681
4064,343.549212
4065,343.546289
4066,343.543009
4067,343.539467
4068,343.535756
4069,343.531958
4070,343.528147
4071,343.524384
4072,343.520716
4073,343.517175
4074,343.513772
4075,343.510501
4076,343.507334
4077,343.504222
4078,343.501097
4079,343.497872
4080,343.494451
4081,343.490732
4082,343.486614
4083,343.482005
4084,343.476827
4085,343.471017
4086,343.464526
4087,343.457328
4088,343.449407
4089,343.440772
4090,343.431446
4091,343.421488
4092,343.411014
4093,343.400285
4094,343.389974
4095,343.381985
4096,343.598892
4097,343.624787
4098,343.650629
4099,343.676574
4100,343.702681
4101,343.728947
4102,343.755318
4103,343.781689
4104,343.807913
4105,343.833807
4106,343.859157
4107,343.883735
4108,343.907313
4109,343.929675
4110,343.950636
4111,343.970045
4112,343.987798
4113,344.003837
4114,344.018151
4115,344.030782
4116,344.041819
4117,344.051408
4118,344.059747
4119,344.06709
4120,344.073745
4121,344.080073
4122,344.086479
4123,344.093395
4124,344.10127
4125,344.11054
4126,344.121602
4127,344.134789
4128,344.150323
4129,344.16827
4130,344.188478
4131,344.210508
4132,344.233586
4133,344.256614
4134,344.278301
4135,344.297404
4136,344.312913
4137,344.324098
4138,344.330483
4139,344.331776
4140,344.327812
4141,344.318506
4142,344.303824
4143,344.28378
4144,344.258445
4145,344.227983
4146,344.192705
4147,344.153134
4148,344.110063
4149,344.064573
4150,344.017944
4151,343.971432
4152,343.926066
4153,343.882566
4154,343.841353
4155,343.802617
4156,343.766374
4157,343.732531
4158,343.700908
4159,343.671245
4160,343.613307
4161,343.640399
4162,343.667623
4163,343.695067
4164,343.722767
4165,343.75071
4166,343.77883
4167,343.80701
4168,343.835085
4169,343.862847
4170,343.890053
4171,343.916442
4172,343.94175
4173,343.965733
4174,343.98818
4175,344.008924
4176,344.027846
4177,344.044883
4178,344.060024
4179,344.07331
4180,344.08484
4181,344.094767
4182,344.103305
4183,344.110729
4184,344.117377
4185,344.123648
4186,344.129993
4187,344.1369
4188,344.144878
4189,344.154427
4190,344.166011
4191,344.18003
4192,344.196776
4193,344.216383
4194,344.238754
4195,344.263464
4196,344.28966
4197,344.316021
4198,344.340903
4199,344.362777
4200,344.380493
4201,344.393292
4202,344.400719
4203,344.402523
4204,344.398572
4205,344.3888
4206,344.373177
4207,344.351705
4208,344.324426
4209,344.291465
4210,344.25309
4211,344.209806
4212,344.16246
4213,344.112318
4214,344.060984
4215,344.010025
4216,343.960643
4217,343.913601
4218,343.869297
4219,343.827865
4220,343.789272
4221,343.75338
4222,343.719993
4223,343.688878
4224,343.628974
4225,343.657233
4226,343.685856
4227,343.714891
4228,343.744353
4229,343.774213
4230,343.804396
4231,343.834766
4232,343.865131
4233,343.895245
4234,343.924813
4235,343.953514
4236,343.981027
4237,344.007056
4238,344.031347
4239,344.053706
4240,344.073999
4241,344.092151
4242,344.10815
4243,344.122042
4244,344.133929
4245,344.143978
4246,344.15242
4247,344.159559
4248,344.165773
4249,344.171518
4250,344.17732
4251,344.183756
4252,344.191434
4253,344.200962
4254,344.212918
4255,344.227819
4256,344.246093
4257,344.268018
4258,344.293645
4259,344.322648
4260,344.354112
4261,344.386306
4262,344.416761
4263,344.443347
4264,344.464722
4265,344.480163
4266,344.489327
4267,344.492077
4268,344.488367
4269,344.478179
4270,344.461495
4271,344.438288
4272,344.408534
4273,344.372255
4274,344.329594
4275,344.280945
4276,344.227162
4277,344.169809
4278,344.111242
4279,344.053709
4280,343.998685
4281,343.946931
4282,343.898726
4283,343.854064
4284,343.81279
4285,343.774677
4286,343.739473
4287,343.706934
4288,343.645691
4289,343.675158
4290,343.705253
4291,343.73601
4292,343.767434
4293,343.799493
4294,343.8321
4295,343.865105
4296,343.89828
4297,343.931321
4298,343.963857
4299,343.995476
4300,344.025761
4301,344.054337
4302,344.080891
4303,344.105191
4304,344.127082
4305,344.146482
4306,344.163378
4307,344.177817
4308,344.189912
4309,344.199838
4310,344.207846
4311,344.214272
4312,344.219545
4313,344.224197
4314,344.228858
4315,344.234238
4316,344.241092
4317,344.250183
4318,344.262248
4319,344.277977
4320,344.297994
4321,344.322821
4322,344.352796
4323,344.387892
4324,344.427319
4325,344.468809
4326,344.507978
4327,344.541564
4328,344.568141
4329,344.587235
4330,344.598785
4331,344.602875
4332,344.599608
4333,344.589049
4334,344.571196
4335,344.545979
4336,344.513264
4337,344.472894
4338,344.424756
4339,344.368942
4340,344.306083
4341,344.23804
4342,344.168884
4343,344.102227
4344,344.039806
4345,343.982178
4346,343.929315
4347,343.880942
4348,343.836695
4349,343.7962
4350,343.759114
4351,343.725139
4352,343.663294
4353,343.694036
4354,343.725708
4355,343.758348
4356,343.791972
4357,343.826554
4358,343.862011
4359,343.898179
4360,343.934795
4361,343.971479
4362,344.007746
4363,344.043041
4364,344.076805
4365,344.108542
4366,344.137861
4367,344.164484
4368,344.188238
4369,344.209038
4370,344.226874
4371,344.241799
4372,344.25393
4373,344.263452
4374,344.270631
4375,344.275831
4376,344.27954
4377,344.282384
4378,344.285135
4379,344.288688
4380,344.294009
4381,344.30207
4382,344.313814
4383,344.330144
4384,344.351935
4385,344.380045
4386,344.41529
4387,344.4583
4388,344.509045
4389,344.565274
4390,344.617651
4391,344.660837
4392,344.694086
4393,344.717693
4394,344.732143
4395,344.737873
4396,344.735202
4397,344.724302
4398,344.705199
4399,344.677762
4400,344.641711
4401,344.596626
4402,344.541975
4403,344.477211
4404,344.402095
4405,344.317958
4406,344.233399
4407,344.154661
4408,344.083136
4409,344.018633
4410,343.960514
4411,343.908071
4412,343.860642
4413,343.817657
4414,343.778642
4415,343.743221
4416,343.681623
4417,343.713715
4418,343.747084
4419,343.781794
4420,343.817884
4421,343.855359
4422,343.89416
4423,343.934127
4424,343.974966
4425,344.016205
4426,344.057196
4427,344.09716
4428,344.135308
4429,344.170973
4430,344.203665
4431,344.233063
4432,344.258986
4433,344.281359
4434,344.300183
4435,344.315523
4436,344.327499
4437,344.336296
4438,344.342182
4439,344.34554
4440,344.34691
4441,344.347026
4442,344.346847
4443,344.347532
4444,344.350348
4445,344.356549
4446,344.367318
4447,344.383789
4448,344.407107
4449,344.438509
4450,344.479419
4451,344.531532
4452,344.596869
4453,344.677594
4454,344.750078
4455,344.805118
4456,344.845967
4457,344.874553
4458,344.892165
4459,344.899686
4460,344.897685
4461,344.886461
4462,344.866065
4463,344.836301
4464,344.796722
4465,344.746596
4466,344.684855
4467,344.609956
4468,344.519531
4469,344.409253
4470,344.302315
4471,344.208906
4472,344.127167
4473,344.055243
4474,343.991576
4475,343.934901
4476,343.884209
4477,343.838701
4478,343.797755
4479,343.760905
4480,343.700508
4481,343.734021
4482,343.769213
4483,343.806185
4484,343.845028
4485,343.885804
4486,343.928512
4487,343.973035
4488,344.019072
4489,344.066057
4490,344.113106
4491,344.159076
4492,344.202797
4493,344.243357
4494,344.280155
4495,344.31285
4496,344.341286
4497,344.365421
4498,344.385289
4499,344.400968
4500,344.412578
4501,344.42029
4502,344.424351
4503,344.425134
4504,344.4232
4505,344.419391
4506,344.414902
4507,344.411283
4508,344.410265
4509,344.413476
4510,344.422358
4511,344.438249
4512,344.462515
4513,344.496709
4514,344.542755
4515,344.60317
4516,344.68136
4517,344.781886
4518,344.871056
4519,344.936814
4520,344.984777
4521,345.018092
4522,345.038727
4523,345.047963
4524,345.046599
4525,345.03505
4526,345.013391
4527,344.981365
4528,344.938363
4529,344.883369
4530,344.814831
4531,344.730374
4532,344.626085
4533,344.494466
4534,344.368271
4535,344.261353
4536,344.169863
4537,344.090734
4538,344.021639
4539,343.960817
4540,343.906931
4541,343.858961
4542,343.816141
4543,343.777907
4544,343.719752
4545,343.75475
4546,343.791882
4547,343.831304
4548,343.873186
4549,343.917687
4550,343.964917
4551,344.014871
4552,344.06731
4553,344.121608
4554,344.17657
4555,344.230419
4556,344.281298
4557,344.327957
4558,344.36972
4559,344.406295
4560,344.437611
4561,344.463707
4562,344.484672
4563,344.50061
4564,344.511635
4565,344.517879
4566,344.51953
4567,344.516886
4568,344.51047
4569,344.501175
4570,344.490471
4571,344.480523
4572,344.473856
4573,344.472595
4574,344.478419
4575,344.492774
4576,344.517131
4577,344.553206
4578,344.603186
4579,344.669942
4580,344.75718
4581,344.869098
4582,344.968758
4583,345.042567
4584,345.096344
4585,345.133687
4586,345.156947
4587,345.167673
4588,345.166836
4589,345.154942
4590,345.132081
4591,345.097944
4592,345.051795
4593,344.9924
4594,344.917879
4595,344.82541
4596,344.710572
4597,344.565798
4598,344.426726
4599,344.30923
4600,344.209457
4601,344.123923
4602,344.049877
4603,343.985217
4604,343.928349
4605,343.878071
4606,343.833489
4607,343.793953
4608,343.739134
4609,343.775664
4610,343.814829
4611,343.856863
4612,343.902041
4613,343.950667
4614,344.003039
4615,344.05937
4616,344.119641
4617,344.18331
4618,344.248853
4619,344.313335
4620,344.373486
4621,344.427692
4622,344.475366
4623,344.51642
4624,344.550975
4625,344.579218
4626,344.601327
4627,344.617446
4628,344.627672
4629,344.632072
4630,344.63071
4631,344.623723
4632,344.611443
4633,344.594655
4634,344.575041
4635,344.555793
4636,344.541013
4637,344.533443
4638,344.534837
4639,344.546557
4640,344.569994
4641,344.606845
4642,344.659336
4643,344.730375
4644,344.823556
4645,344.942502
4646,345.048916
4647,345.12838
4648,345.186518
4649,345.227008
4650,345.252355
4651,345.264256
4652,345.263786
4653,345.25151
4654,345.227527
4655,345.191489
4656,345.142569
4657,345.079392
4658,344.9999
4659,344.901091
4660,344.778468
4661,344.624736
4662,344.476668
4663,344.351207
4664,344.244806
4665,344.153918
4666,344.075607
4667,344.007572
4668,343.948046
4669,343.895692
4670,343.849512
4671,343.808787
4672,343.758405
4673,343.79649
4674,343.837747
4675,343.882502
4676,343.931165
4677,343.984234
4678,344.042278
4679,344.105882
4680,344.175508
4681,344.251113
4682,344.331194
4683,344.410665
4684,344.482813
4685,344.546142
4686,344.600635
4687,344.646692
4688,344.684782
4689,344.715315
4690,344.7386
4691,344.754829
4692,344.764077
4693,344.766308
4694,344.7614
4695,344.749192
4696,344.729592
4697,344.702865
4698,344.670411
4699,344.637225
4700,344.611115
4701,344.595169
4702,344.590727
4703,344.598718
4704,344.620222
4705,344.656741
4706,344.710374
4707,344.783905
4708,344.880699
4709,345.003939
4710,345.114613
4711,345.197828
4712,345.258988
4713,345.30172
4714,345.328564
4715,345.341275
4716,345.340983
4717,345.328283
4718,345.303277
4719,345.265587
4720,345.21433
4721,345.148052
4722,345.064614
4723,344.960961
4724,344.832649
4725,344.672595
4726,344.518127
4727,344.386782
4728,344.275279
4729,344.180124
4730,344.098319
4731,344.027461
4732,343.965676
4733,343.911532
4734,343.863959
4735,343.822182
4736,343.777297
4737,343.816928
4738,343.860286
4739,343.907797
4740,343.960026
4741,344.017697
4742,344.081716
4743,344.153182
4744,344.233367
4745,344.323508
4746,344.423927
4747,344.526157
4748,344.613278
4749,344.687004
4750,344.748923
4751,344.800294
4752,344.842076
4753,344.874967
4754,344.899431
4755,344.915716
4756,344.923865
4757,344.92372
4758,344.914916
4759,344.896872
4760,344.868785
4761,344.829637
4762,344.778404
4763,344.723431
4764,344.682434
4765,344.656308
4766,344.644911
4767,344.648288
4768,344.666991
4769,344.702197
4770,344.755782
4771,344.830331
4772,344.928978
4773,345.054587
4774,345.167719
4775,345.253185
4776,345.316211
4777,345.36034
4778,345.388094
4779,345.40124
4780,345.400927
4781,345.38776
4782,345.36184
4783,345.322769
4784,345.269629
4785,345.200927
4786,345.114493
4787,345.007274
4788,344.874892
4789,344.710395
4790,344.551417
4791,344.415841
4792,344.300571
4793,344.202181
4794,344.117664
4795,344.044571
4796,343.980965
4797,343.925356
4798,343.876622
4799,343.83395
4800,343.79553
4801,343.836663
4802,343.882073
4803,343.932288
4804,343.988025
4805,344.050237
4806,344.120173
4807,344.199467
4808,344.290263
4809,344.395398
4810,344.518605
4811,344.647028
4812,344.74961
4813,344.833701
4814,344.902938
4815,344.95952
4816,345.00491
4817,345.040092
4818,345.065685
4819,345.081993
4820,345.089025
4821,345.086496
4822,345.073793
4823,345.049903
4824,345.013247
4825,344.961237
4826,344.888959
4827,344.80829
4828,344.751461
4829,344.714721
4830,344.695968
4831,344.694246
4832,344.709531
4833,344.742638
4834,344.79519
4835,344.869565
4836,344.968692
4837,345.09521
4838,345.209414
4839,345.295919
4840,345.359819
4841,345.404582
4842,345.432692
4843,345.445907
4844,345.445377
4845,345.431705
4846,345.404986
4847,345.364809
4848,345.310237
4849,345.239758
4850,345.15119
4851,345.041499
4852,344.906354
4853,344.738877
4854,344.576873
4855,344.438427
4856,344.320554
4857,344.219883
4858,344.133416
4859,344.058683
4860,343.993715
4861,343.936986
4862,343.887342
4863,343.843945
4864,343.812825
4865,343.855384
4866,343.902738
4867,343.95551
4868,344.014554
4869,344.081023
4870,344.156445
4871,344.242845
4872,344.342895
4873,344.460041
4874,344.59826
4875,344.742183
4876,344.856771
4877,344.94976
4878,345.025538
4879,345.086864
4880,345.135567
4881,345.172863
4882,345.199498
4883,345.215819
4884,345.221808
4885,345.217068
4886,345.200786
4887,345.171624
4888,345.127511
4889,345.065195
4890,344.979236
4891,344.883392
4892,344.81428
4893,344.768224
4894,344.742516
4895,344.735641
4896,344.747158
4897,344.77758
4898,344.828303
4899,344.901527
4900,345.000017
4901,345.12626
4902,345.2404
4903,345.326922
4904,345.390831
4905,345.435534
4906,345.463482
4907,345.476418
4908,345.475482
4909,345.461271
4910,345.433873
4911,345.392866
4912,345.337302
4913,345.265657
4914,345.175749
4915,345.064553
4916,344.927763
4917,344.758534
4918,344.594756
4919,344.454615
4920,344.335184
4921,344.233123
4922,344.145441
4923,344.069658
4924,344.003793
4925,343.9463
4926,343.896008
4927,343.852067
4928,343.828919
4929,343.872794
4930,343.921934
4931,343.977038
4932,344.039074
4933,344.109346
4934,344.189579
4935,344.282033
4936,344.38962
4937,344.515909
4938,344.664569
4939,344.818907
4940,344.942419
4941,345.042557
4942,345.123853
4943,345.189302
4944,345.24094
4945,345.280132
4946,345.307713
4947,345.324061
4948,345.329131
4949,345.322447
4950,345.303054
4951,345.269417
4952,345.219234
4953,345.149068
4954,345.0536
4955,344.947537
4956,344.869199
4957,344.815453
4958,344.783545
4959,344.771732
4960,344.779325
4961,344.806628
4962,344.854866
4963,344.926102
4964,345.022989
4965,345.147926
4966,345.261003
4967,345.346629
4968,345.409753
4969,345.453749
4970,345.481045
4971,345.493367
4972,345.491844
4973,345.477066
4974,345.449111
4975,345.407549
4976,345.351424
4977,345.279208
4978,345.188712
4979,345.076908
4980,344.939495
4981,344.769628
4982,344.605212
4983,344.464457
4984,344.344447
4985,344.241847
4986,344.153667
4987,344.077423
4988,344.011128
4989,343.953232
4990,343.90256
4991,343.858258
4992,343.843576
4993,343.888631
4994,343.939355
4995,343.996509
4996,344.061144
4997,344.134668
4998,344.218931
4999,344.316317
5000,344.429819
5001,344.562962
5002,344.719108
5003,344.880833
5004,345.010942
5005,345.116633
5006,345.202392
5007,345.271277
5008,345.325418
5009,345.366258
5010,345.394683
5011,345.411088
5012,345.415407
5013,345.407109
5014,345.385151
5015,345.347897
5016,345.292954
5017,345.216883
5018,345.11454
5019,345.001122
5020,344.915777
5021,344.855781
5022,344.81847
5023,344.802032
5024,344.80565
5025,344.829489
5026,344.874658
5027,344.943132
5028,345.037509
5029,345.160162
5030,345.271217
5031,345.355066
5032,345.416638
5033,345.459295
5034,345.485457
5035,345.496837
5036,345.494552
5037,345.479181
5038,345.450795
5039,345.408956
5040,345.352705
5041,345.280509
5042,345.190169
5043,345.078646
5044,344.941614
5045,344.772198
5046,344.608258
5047,344.467952
5048,344.34833
5049,344.246038
5050,344.158074
5051,344.081957
5052,344.015703
5053,343.957769
5054,343.906986
5055,343.862508
5056,343.856595
5057,343.902674
5058,343.954752
5059,344.013636
5060,344.080433
5061,344.15662
5062,344.244118
5063,344.345366
5064,344.463373
5065,344.601581
5066,344.76313
5067,344.930167
5068,345.065119
5069,345.175017
5070,345.264265
5071,345.33591
5072,345.392111
5073,345.434343
5074,345.463513
5075,345.480021
5076,345.483783
5077,345.474229
5078,345.450268
5079,345.410213
5080,345.351649
5081,345.271174
5082,345.16377
5083,345.044891
5084,344.954146
5085,344.889057
5086,344.847053
5087,344.826302
5088,344.825914
5089,344.845968
5090,344.887494
5091,344.952421
5092,345.043346
5093,345.162689
5094,345.270719
5095,345.351869
5096,345.41109
5097,345.45176
5098,345.476298
5099,345.486405
5100,345.483183
5101,345.467197
5102,345.438509
5103,345.39668
5104,345.340749
5105,345.269183
5106,345.179777
5107,345.069464
5108,344.933872
5109,344.766065
5110,344.60378
5111,344.465042
5112,344.346817
5113,344.245705
5114,344.15869
5115,344.083295
5116,344.017555
5117,343.959947
5118,343.909323
5119,343.864852
5120,343.867812
5121,343.914745
5122,343.967931
5123,344.028203
5124,344.096708
5125,344.174964
5126,344.264929
5127,344.369064
5128,344.490365
5129,344.632207
5130,344.797582
5131,344.968381
5132,345.106807
5133,345.21979
5134,345.311665
5135,345.385447
5136,345.443287
5137,345.486666
5138,345.516495
5139,345.533165
5140,345.536577
5141,345.526134
5142,345.500715
5143,345.458607
5144,345.397393
5145,345.313702
5146,345.202583
5147,345.079618
5148,344.984678
5149,344.915416
5150,344.869309
5151,344.844508
5152,344.840065
5153,344.855985
5154,344.89324
5155,344.953744
5156,345.040144
5157,345.154996
5158,345.258845
5159,345.336256
5160,345.392247
5161,345.430232
5162,345.452629
5163,345.461122
5164,345.456785
5165,345.440165
5166,345.411311
5167,345.369787
5168,345.314642
5169,345.244355
5170,345.156722
5171,345.048652
5172,344.915701
5173,344.750825
5174,344.59154
5175,344.455624
5176,344.339901
5177,344.2409
5178,344.155596
5179,344.081532
5180,344.016782
5181,343.959861
5182,343.909659
5183,343.865374
5184,343.877105
5185,343.924715
5186,343.978749
5187,344.040061
5188,344.109818
5189,344.189561
5190,344.281263
5191,344.387396
5192,344.510939
5193,344.65522
5194,344.823147
5195,344.996463
5196,345.137243
5197,345.252364
5198,345.346109
5199,345.421462
5200,345.480557
5201,345.524864
5202,345.555282
5203,345.572191
5204,345.575473
5205,345.56451
5206,345.538156
5207,345.494681
5208,345.431662
5209,345.345741
5210,345.231984
5211,345.106016
5212,345.007842
5213,344.935159
5214,344.885443
5215,344.856802
5216,344.848212
5217,344.859595
5218,344.891854
5219,344.946885
5220,345.027433
5221,345.136307
5222,345.23454
5223,345.306958
5224,345.358705
5225,345.393233
5226,345.412942
5227,345.419466
5228,345.413836
5229,345.396562
5230,345.367682
5231,345.326768
5232,345.272897
5233,345.204584
5234,345.119657
5235,345.015021
5236,344.886152
5237,344.725831
5238,344.571189
5239,344.439584
5240,344.327619
5241,344.231745
5242,344.14895
5243,344.076836
5244,344.013544
5245,343.957662
5246,343.908134
5247,343.864205
5248,343.884395
5249,343.932498
5250,343.987118
5251,344.049118
5252,344.119674
5253,344.200334
5254,344.293081
5255,344.400384
5256,344.525216
5257,344.670885
5258,344.840263
5259,345.015024
5260,345.15719
5261,345.273616
5262,345.368559
5263,345.444975
5264,345.50498
5265,345.550023
5266,345.580987
5267,345.598232
5268,345.601618
5269,345.590506
5270,345.563728
5271,345.519536
5272,345.455489
5273,345.368213
5274,345.252753
5275,345.124717
5276,345.02414
5277,344.948697
5278,344.895811
5279,344.863507
5280,344.850651
5281,344.857037
5282,344.883445
5283,344.931707
5284,345.004664
5285,345.105537
5286,345.196231
5287,345.262076
5288,345.308387
5289,345.33861
5290,345.355054
5291,345.359254
5292,345.352154
5293,345.334212
5294,345.305447
5295,345.265448
5296,345.213347
5297,345.147742
5298,345.066558
5299,344.966766
5300,344.843799
5301,344.690177
5302,344.542327
5303,344.416875
5304,344.310122
5305,344.218479
5306,344.139016
5307,344.069461
5308,344.00808
5309,343.953564
5310,343.904945
5311,343.861524
5312,343.889639
5313,343.93805
5314,343.992993
5315,344.055331
5316,344.126237
5317,344.207257
5318,344.300372
5319,344.408051
5320,344.533267
5321,344.679335
5322,344.849137
5323,345.024353
5324,345.167009
5325,345.283971
5326,345.379488
5327,345.456504
5328,345.51711
5329,345.562734
5330,345.594229
5331,345.611931
5332,345.615677
5333,345.604805
5334,345.578123
5335,345.533859
5336,345.46954
5337,345.381753
5338,345.265485
5339,345.136269
5340,345.034087
5341,344.956526
5342,344.900907
5343,344.865127
5344,344.847896
5345,344.848807
5346,344.868408
5347,344.908311
5348,344.97131
5349,345.061164
5350,345.141561
5351,345.1988
5352,345.2383
5353,345.263319
5354,345.27593
5355,345.27747
5356,345.268741
5357,345.250122
5358,345.221605
5359,345.182811
5360,345.13296
5361,345.070801
5362,344.994467
5363,344.901169
5364,344.786489
5365,344.642668
5366,344.504628
5367,344.387666
5368,344.287786
5369,344.201525
5370,344.126199
5371,344.059773
5372,344.000708
5373,343.94785
5374,343.900341
5375,343.85756
5376,343.892836
5377,343.941369
5378,343.996375
5379,344.058703
5380,344.129513
5381,344.210339
5382,344.303148
5383,344.410405
5384,344.535095
5385,344.680566
5386,344.849755
5387,345.024425
5388,345.166679
5389,345.28342
5390,345.378913
5391,345.456095
5392,345.517032
5393,345.563114
5394,345.595162
5395,345.613478
5396,345.617871
5397,345.607654
5398,345.581616
5399,345.537954
5400,345.474156
5401,345.386743
5402,345.270607
5403,345.141152
5404,345.038213
5405,344.959228
5406,344.901367
5407,344.862364
5408,344.840724
5409,344.835759
5410,344.847619
5411,344.877372
5412,344.927209
5413,345.000932
5414,345.066732
5415,345.112815
5416,345.144046
5417,345.163009
5418,345.171286
5419,345.169883
5420,345.159402
5421,345.140105
5422,345.111957
5423,345.074618
5424,345.027436
5425,344.969387
5426,344.898971
5427,344.813958
5428,344.710689
5429,344.581815
5430,344.458206
5431,344.352637
5432,344.261377
5433,344.181579
5434,344.111086
5435,344.048258
5436,343.991836
5437,343.940865
5438,343.894624
5439,343.852588
5440,343.894019
5441,343.942495
5442,343.997307
5443,344.059283
5444,344.129556
5445,344.209629
5446,344.301442
5447,344.407447
5448,344.530642
5449,344.674432
5450,344.84187
5451,345.0149
5452,345.155787
5453,345.271515
5454,345.366384
5455,345.44332
5456,345.50435
5457,345.550815
5458,345.583482
5459,345.602609
5460,345.607975
5461,345.598872
5462,345.574072
5463,345.531751
5464,345.469352
5465,345.383312
5466,345.268389
5467,345.139786
5468,345.037075
5469,344.957477
5470,344.897976
5471,344.856122
5472,344.830198
5473,344.819187
5474,344.822694
5475,344.840817
5476,344.873816
5477,344.920893
5478,344.964684
5479,344.996955
5480,345.018713
5481,345.030976
5482,345.034546
5483,345.029996
5484,345.017673
5485,344.997711
5486,344.970032
5487,344.934351
5488,344.890161
5489,344.836723
5490,344.773034
5491,344.697798
5492,344.6094
5493,344.506113
5494,344.404686
5495,344.313508
5496,344.232247
5497,344.159654
5498,344.094447
5499,344.035515
5500,343.981945
5501,343.933009
5502,343.888142
5503,343.846919
5504,343.893261
5505,343.941508
5506,343.99588
5507,344.057171
5508,344.126471
5509,344.20523
5510,344.295333
5511,344.399194
5512,344.519811
5513,344.660664
5514,344.824995
5515,344.995076
5516,345.133475
5517,345.247313
5518,345.340936
5519,345.417238
5520,345.478174
5521,345.525
5522,345.558408
5523,345.578598
5524,345.585313
5525,345.577832
5526,345.554927
5527,345.514773
5528,345.454787
5529,345.371317
5530,345.25894
5531,345.132552
5532,345.031293
5533,344.952078
5534,344.891683
5535,344.847499
5536,344.817628
5537,344.800774
5538,344.796066
5539,344.802762
5540,344.819691
5541,344.84393
5542,344.867888
5543,344.886685
5544,344.898955
5545,344.90445
5546,344.903261
5547,344.895538
5548,344.881379
5549,344.860786
5550,344.833643
5551,344.799713
5552,344.758636
5553,344.709951
5554,344.653136
5555,344.587744
5556,344.513744
5557,344.432585
5558,344.350883
5559,344.273652
5560,344.202361
5561,344.137032
5562,344.077186
5563,344.022225
5564,343.971572
5565,343.924726
5566,343.881275
5567,343.840897
5568,343.890672
5569,343.938527
5570,343.992229
5571,344.052523
5572,344.120433
5573,344.197322
5574,344.284981
5575,344.385732
5576,344.502524
5577,344.6389
5578,344.798373
5579,344.963806
5580,345.098326
5581,345.20927
5582,345.301004
5583,345.376326
5584,345.437054
5585,345.484303
5586,345.51865
5587,345.540218
5588,345.548711
5589,345.54341
5590,345.523119
5591,345.48606
5592,345.429678
5593,345.35027
5594,345.242192
5595,345.119846
5596,345.021623
5597,344.94402
5598,344.883624
5599,344.837753
5600,344.804444
5601,344.782275
5602,344.770126
5603,344.766882
5604,344.771008
5605,344.779956
5606,344.789797
5607,344.797451
5608,344.801291
5609,344.800555
5610,344.794906
5611,344.784191
5612,344.768311
5613,344.747157
5614,344.720578
5615,344.688375
5616,344.650305
5617,344.606119
5618,344.555632
5619,344.498869
5620,344.436358
5621,344.369649
5622,344.30194
5623,344.236099
5624,344.17361
5625,344.114983
5626,344.060215
5627,344.009079
5628,343.961268
5629,343.916474
5630,343.874422
5631,343.834883
5632,343.886395
5633,343.933713
5634,343.98654
5635,344.045558
5636,344.111696
5637,344.186194
5638,344.270683
5639,344.367303
5640,344.478835
5641,344.608776
5642,344.760954
5643,344.919307
5644,345.048134
5645,345.155033
5646,345.244254
5647,345.318352
5648,345.378882
5649,345.42674
5650,345.46233
5651,345.48567
5652,345.496423
5653,345.493896
5654,345.476977
5655,345.444022
5656,345.392628
5657,345.319178
5658,345.21785
5659,345.102178
5660,345.009104
5661,344.934595
5662,344.875182
5663,344.828294
5664,344.792094
5665,344.765235
5666,344.746606
5667,344.735082
5668,344.729256
5669,344.727219
5670,344.726616
5671,344.725388
5672,344.722121
5673,344.715938
5674,344.706308
5675,344.692899
5676,344.67548
5677,344.653858
5678,344.627854
5679,344.597287
5680,344.561994
5681,344.521855
5682,344.476863
5683,344.427233
5684,344.373567
5685,344.317042
5686,344.259445
5687,344.20249
5688,344.147324
5689,344.094538
5690,344.044342
5691,343.996727
5692,343.951573
5693,343.908716
5694,343.867991
5695,343.829247
5696,343.880603
5697,343.927261
5698,343.979045
5699,344.036558
5700,344.100612
5701,344.172279
5702,344.252952
5703,344.344453
5704,344.449164
5705,344.570189
5706,344.711367
5707,344.858688
5708,344.979421
5709,345.081057
5710,345.167281
5711,345.240113
5712,345.300673
5713,345.349511
5714,345.386795
5715,345.412401
5716,345.425951
5717,345.426806
5718,345.414005
5719,345.386165
5720,345.341261
5721,345.276141
5722,345.185233
5723,345.080473
5724,344.995366
5725,344.925599
5726,344.868088
5727,344.820712
5728,344.782018
5729,344.750956
5730,344.726644
5731,344.708164
5732,344.694404
5733,344.683985
5734,344.675341
5735,344.667022
5736,344.657876
5737,344.647064
5738,344.633996
5739,344.61825
5740,344.599513
5741,344.577536
5742,344.552113
5743,344.523069
5744,344.490276
5745,344.453675
5746,344.413327
5747,344.369477
5748,344.322637
5749,344.273637
5750,344.223569
5751,344.173511
5752,344.124293
5753,344.07644
5754,344.030224
5755,343.985743
5756,343.942989
5757,343.9019
5758,343.862389
5759,343.824366
5760,343.873487
5761,343.91939
5762,343.97001
5763,344.025862
5764,344.087624
5765,344.156164
5766,344.232574
5767,344.318209
5768,344.414724
5769,344.524048
5770,344.648067
5771,344.776533
5772,344.886359
5773,344.981799
5774,345.064933
5775,345.13684
5776,345.197995
5777,345.248473
5778,345.288114
5779,345.316618
5780,345.333568
5781,345.338407
5782,345.330393
5783,345.308534
5784,345.271478
5785,345.217284
5786,345.142775
5787,345.056995
5788,344.983231
5789,344.919631
5790,344.86456
5791,344.816838
5792,344.775683
5793,344.740562
5794,344.710996
5795,344.686398
5796,344.665988
5797,344.648785
5798,344.63368
5799,344.619592
5800,344.60558
5801,344.590884
5802,344.574908
5803,344.557194
5804,344.537381
5805,344.515179
5806,344.490357
5807,344.462731
5808,344.432177
5809,344.398647
5810,344.3622
5811,344.323042
5812,344.281557
5813,344.238315
5814,344.194017
5815,344.149367
5816,344.104956
5817,344.061208
5818,344.018385
5819,343.976627
5820,343.935986
5821,343.896461
5822,343.858022
5823,343.820621
5824,343.865253
5825,343.910336
5826,343.959722
5827,344.013841
5828,344.073234
5829,344.138562
5830,344.210597
5831,344.290184
5832,344.378114
5833,344.474729
5834,344.578766
5835,344.684089
5836,344.782179
5837,344.871622
5838,344.952335
5839,345.024266
5840,345.087097
5841,345.140276
5842,345.183223
5843,345.215427
5844,345.236436
5845,345.245808
5846,345.243061
5847,345.227648
5848,345.19901
5849,345.156789
5850,345.101679
5851,345.038912
5852,344.977657
5853,344.920338
5854,344.867376
5855,344.818776
5856,344.774612
5857,344.735058
5858,344.700182
5859,344.669796
5860,344.643434
5861,344.620397
5862,344.599853
5863,344.580939
5864,344.562855
5865,344.544904
5866,344.526506
5867,344.507183
5868,344.486544
5869,344.464269
5870,344.440096
5871,344.413821
5872,344.385299
5873,344.354462
5874,344.321331
5875,344.286044
5876,344.248862
5877,344.210166
5878,344.170413
5879,344.130075
5880,344.089569
5881,344.049221
5882,344.009261
5883,343.969831
5884,343.931011
5885,343.892833
5886,343.855302
5887,343.818404
5888,343.856099
5889,343.900326
5890,343.948464
5891,344.000864
5892,344.057948
5893,344.120198
5894,344.18813
5895,344.262211
5896,344.342698
5897,344.429296
5898,344.520534
5899,344.613055
5900,344.702966
5901,344.7884
5902,344.868402
5903,344.942111
5904,345.008373
5905,345.065795
5906,345.113264
5907,345.150055
5908,345.175721
5909,345.189969
5910,345.192578
5911,345.183388
5912,345.162379
5913,345.12992
5914,345.087301
5915,345.037618
5916,344.985109
5917,344.932109
5918,344.879765
5919,344.828874
5920,344.780361
5921,344.735329
5922,344.694533
5923,344.658206
5924,344.626127
5925,344.597766
5926,344.572423
5927,344.549343
5928,344.527795
5929,344.507114
5930,344.486725
5931,344.466136
5932,344.44493
5933,344.422756
5934,344.399322
5935,344.374389
5936,344.347774
5937,344.319365
5938,344.289129
5939,344.257126
5940,344.223509
5941,344.188519
5942,344.152452
5943,344.115623
5944,344.078326
5945,344.040806
5946,344.00325
5947,343.96579
5948,343.928509
5949,343.891458
5950,343.854663
5951,343.81813
5952,343.846209
5953,343.88957
5954,343.93649
5955,343.987256
5956,344.042198
5957,344.101676
5958,344.166036
5959,344.235542
5960,344.310246
5961,344.389785
5962,344.473132
5963,344.558501
5964,344.643934
5965,344.728067
5966,344.809842
5967,344.887955
5968,344.960335
5969,345.024195
5970,345.077755
5971,345.120152
5972,345.151059
5973,345.170406
5974,345.178241
5975,345.174697
5976,345.160053
5977,345.134881
5978,345.100295
5979,345.058128
5980,345.010567
5981,344.959217
5982,344.905203
5983,344.849687
5984,344.794441
5985,344.742038
5986,344.694122
5987,344.651279
5988,344.613383
5989,344.579914
5990,344.550168
5991,344.52339
5992,344.49885
5993,344.47588
5994,344.453888
5995,344.432363
5996,344.410862
5997,344.389001
5998,344.366448
5999,344.34292
6000,344.318182
6001,344.292062
6002,344.264458
6003,344.235351
6004,344.204802
6005,344.172944
6006,344.139961
6007,344.106059
6008,344.071443
6009,344.036294
6010,344.000761
6011,343.964955
6012,343.928955
6013,343.892817
6014,343.856575
6015,343.820252
6016,343.835735
6017,343.878241
6018,343.924003
6019,343.973267
6020,344.026303
6021,344.083396
6022,344.144815
6023,344.210757
6024,344.28127
6025,344.356161
6026,344.434911
6027,344.516714
6028,344.600731
6029,344.686319
6030,344.772834
6031,344.858994
6032,344.941712
6033,345.015064
6034,345.076606
6035,345.125686
6036,345.162361
6037,345.186921
6038,345.199719
6039,345.201128
6040,345.191577
6041,345.171632
6042,345.14208
6043,345.103947
6044,345.058303
6045,345.005963
6046,344.947568
6047,344.884115
6048,344.818127
6049,344.755389
6050,344.698598
6051,344.648379
6052,344.604383
6053,344.565871
6054,344.531984
6055,344.501868
6056,344.474727
6057,344.449852
6058,344.426621
6059,344.40449
6060,344.382988
6061,344.361696
6062,344.340235
6063,344.318266
6064,344.295486
6065,344.271645
6066,344.246562
6067,344.220135
6068,344.192346
6069,344.163244
6070,344.132932
6071,344.101542
6072,344.069214
6073,344.036082
6074,344.002258
6075,343.967834
6076,343.93288
6077,343.897447
6078,343.861573
6079,343.825288
6080,343.824798
6081,343.866469
6082,343.911152
6083,343.959064
6084,344.010448
6085,344.06556
6086,344.12465
6087,344.187938
6088,344.255572
6089,344.327601
6090,344.403972
6091,344.484595
6092,344.569492
6093,344.65891
6094,344.753204
6095,344.852185
6096,344.952695
6097,345.039531
6098,345.110991
6099,345.16766
6100,345.210447
6101,345.240193
6102,345.257606
6103,345.263279
6104,345.257725
6105,345.241429
6106,345.214868
6107,345.17848
6108,345.132542
6109,345.077015
6110,345.011548
6111,344.935879
6112,344.851837
6113,344.774568
6114,344.706891
6115,344.648447
6116,344.598104
6117,344.554622
6118,344.516835
6119,344.483702
6120,344.454317
6121,344.427899
6122,344.403781
6123,344.381387
6124,344.360213
6125,344.339804
6126,344.319732
6127,344.299587
6128,344.278975
6129,344.257545
6130,344.235017
6131,344.211208
6132,344.186025
6133,344.159457
6134,344.131549
6135,344.102382
6136,344.072055
6137,344.040665
6138,344.008299
6139,343.975028
6140,343.940908
6141,343.905981
6142,343.870283
6143,343.833842
6144,343.813478
6145,343.85434
6146,343.898024
6147,343.944735
6148,343.994707
6149,344.0482
6150,344.105489
6151,344.166859
6152,344.232601
6153,344.303013
6154,344.378446
6155,344.459384
6156,344.546592
6157,344.641298
6158,344.74542
6159,344.862009
6160,344.996493
6161,345.100576
6162,345.182994
6163,345.247545
6164,345.296427
6165,345.331131
6166,345.352732
6167,345.362021
6168,345.359568
6169,345.345766
6170,345.320826
6171,345.284732
6172,345.23712
6173,345.177089
6174,345.10287
6175,345.010933
6176,344.892777
6177,344.796682
6178,344.716899
6179,344.649946
6180,344.593326
6181,344.545103
6182,344.503724
6183,344.467919
6184,344.436647
6185,344.409047
6186,344.384402
6187,344.362107
6188,344.341634
6189,344.322497
6190,344.304218
6191,344.286301
6192,344.268227
6193,344.2495
6194,344.229715
6195,344.208599
6196,344.186
6197,344.161863
6198,344.136201
6199,344.109069
6200,344.080537
6201,344.050683
6202,344.019573
6203,343.987261
6204,343.953786
6205,343.919177
6206,343.883455
6207,343.846645
6208,343.801822
6209,343.841899
6210,343.884655
6211,343.930295
6212,343.979061
6213,344.031232
6214,344.087132
6215,344.147131
6216,344.211663
6217,344.281259
6218,344.356599
6219,344.438619
6220,344.528656
6221,344.628661
6222,344.741473
6223,344.87116
6224,345.023084
6225,345.14033
6226,345.2323
6227,345.303978
6228,345.358373
6229,345.397479
6230,345.422675
6231,345.434911
6232,345.434797
6233,345.422645
6234,345.398458
6235,345.361879
6236,345.312065
6237,345.247469
6238,345.165424
6239,345.061209
6240,344.925757
6241,344.815758
6242,344.725651
6243,344.651065
6244,344.588749
6245,344.536258
6246,344.49171
6247,344.453632
6248,344.420855
6249,344.392445
6250,344.367646
6251,344.345838
6252,344.326487
6253,344.309095
6254,344.293146
6255,344.278044
6256,344.263093
6257,344.247559
6258,344.230868
6259,344.212652
6260,344.192722
6261,344.171007
6262,344.147516
6263,344.122299
6264,344.095422
6265,344.06695
6266,344.036937
6267,344.005423
6268,343.972427
6269,343.937956
6270,343.902008
6271,343.864588
6272,343.789845
6273,343.829154
6274,343.871039
6275,343.915712
6276,343.963429
6277,344.014501
6278,344.069304
6279,344.128297
6280,344.192049
6281,344.261279
6282,344.336929
6283,344.420265
6284,344.513018
6285,344.61757
6286,344.737158
6287,344.875959
6288,345.038509
6289,345.165071
6290,345.264563
6291,345.342187
6292,345.401295
6293,345.444172
6294,345.472396
6295,345.487027
6296,345.488698
6297,345.477652
6298,345.453741
6299,345.416364
6300,345.364357
6301,345.295785
6302,345.207577
6303,345.094779
6304,344.948844
6305,344.829181
6306,344.731132
6307,344.650316
6308,344.58322
6309,344.527127
6310,344.479943
6311,344.440046
6312,344.406172
6313,344.377335
6314,344.352764
6315,344.331848
6316,344.31408
6317,344.298993
6318,344.286072
6319,344.274631
6320,344.263704
6321,344.252111
6322,344.239037
6323,344.224046
6324,344.206951
6325,344.187715
6326,344.166376
6327,344.143007
6328,344.117686
6329,344.090483
6330,344.061445
6331,344.030598
6332,343.997938
6333,343.96344
6334,343.927063
6335,343.888769
6336,343.77754
6337,343.816089
6338,343.857142
6339,343.900919
6340,343.947694
6341,343.997812
6342,344.051703
6343,344.109904
6344,344.173096
6345,344.24215
6346,344.318203
6347,344.402747
6348,344.497765
6349,344.605868
6350,344.730425
6351,344.875495
6352,345.045022
6353,345.178087
6354,345.283198
6355,345.36549
6356,345.428411
6357,345.474374
6358,345.505067
6359,345.521611
6360,345.524646
6361,345.514365
6362,345.490508
6363,345.452316
6364,345.398426
6365,345.326703
6366,345.233936
6367,345.115219
6368,344.962422
6369,344.836107
6370,344.732254
6371,344.646678
6372,344.575838
6373,344.51691
6374,344.467688
6375,344.426461
6376,344.391913
6377,344.363034
6378,344.339065
6379,344.31944
6380,344.30373
6381,344.29157
6382,344.282544
6383,344.275965
6384,344.270508
6385,344.263944
6386,344.255183
6387,344.243819
6388,344.22977
6389,344.2131
6390,344.193922
6391,344.172362
6392,344.148531
6393,344.122512
6394,344.094355
6395,344.064072
6396,344.031634
6397,343.996972
6398,343.959981
6399,343.920536
6400,343.764882
6401,343.802671
6402,343.84291
6403,343.885829
6404,343.931722
6405,343.980965
6406,344.034033
6407,344.091531
6408,344.154228
6409,344.223111
6410,344.299452
6411,344.384899
6412,344.481583
6413,344.592231
6414,344.720238
6415,344.869528
6416,345.043689
6417,345.181207
6418,345.290337
6419,345.376099
6420,345.441934
6421,345.490296
6422,345.52292
6423,345.540952
6424,345.54503
6425,345.535306
6426,345.511447
6427,345.47259
6428,345.417262
6429,345.343233
6430,345.247265
6431,345.124549
6432,344.967208
6433,344.836401
6434,344.728499
6435,344.639512
6436,344.56595
6437,344.504971
6438,344.454328
6439,344.412274
6440,344.37747
6441,344.348916
6442,344.325894
6443,344.307916
6444,344.294689
6445,344.286054
6446,344.281887
6447,344.281815
6448,344.284381
6449,344.284342
6450,344.280677
6451,344.273337
6452,344.262524
6453,344.248491
6454,344.231481
6455,344.211699
6456,344.189303
6457,344.164404
6458,344.137059
6459,344.107267
6460,344.074974
6461,344.040057
6462,344.00232
6463,343.961481
6464,343.751837
6465,343.788854
6466,343.828279
6467,343.87035
6468,343.915379
6469,343.963766
6470,344.016025
6471,344.072812
6472,344.134963
6473,344.203549
6474,344.279936
6475,344.365869
6476,344.46357
6477,344.575821
6478,344.706013
6479,344.857969
6480,345.035072
6481,345.175483
6482,345.287309
6483,345.375473
6484,345.443381
6485,345.493487
6486,345.527537
6487,345.546685
6488,345.551557
6489,345.542274
6490,345.518454
6491,345.479173
6492,345.422894
6493,345.34735
6494,345.249309
6495,345.124047
6496,344.963832
6497,344.830161
6498,344.719639
6499,344.628423
6500,344.553091
6501,344.490821
6502,344.439365
6503,344.39697
6504,344.362309
6505,344.334412
6506,344.312622
6507,344.296557
6508,344.286099
6509,344.281383
6510,344.282806
6511,344.291036
6512,344.306966
6513,344.315074
6514,344.31708
6515,344.313985
6516,344.306484
6517,344.295098
6518,344.280228
6519,344.262177
6520,344.241164
6521,344.217331
6522,344.190745
6523,344.161401
6524,344.129217
6525,344.094023
6526,344.05553
6527,344.013233
6528,343.738368
6529,343.774594
6530,343.813188
6531,343.854396
6532,343.89854
6533,343.946043
6534,343.997445
6535,344.05344
6536,344.114912
6537,344.182986
6538,344.259091
6539,344.345036
6540,344.443093
6541,344.556077
6542,344.687368
6543,344.840732
6544,345.019439
6545,345.161482
6546,345.274884
6547,345.364504
6548,345.433713
6549,345.484952
6550,345.519966
6551,345.539902
6552,345.545374
6553,345.53648
6554,345.512803
6555,345.473383
6556,345.416648
6557,345.340313
6558,345.241162
6559,345.114522
6560,344.952745
6561,344.817515
6562,344.705569
6563,344.613163
6564,344.536932
6565,344.474086
6566,344.422394
6567,344.380123
6568,344.345971
6569,344.319014
6570,344.298664
6571,344.284652
6572,344.277029
6573,344.276194
6574,344.28297
6575,344.298735
6576,344.325636
6577,344.341114
6578,344.348433
6579,344.349356
6580,344.344993
6581,344.336109
6582,344.323256
6583,344.306832
6584,344.287113
6585,344.264274
6586,344.238395
6587,344.209465
6588,344.177379
6589,344.141918
6590,344.1027
6591,344.059021
6592,343.724439
6593,343.759847
6594,343.79758
6595,343.837887
6596,343.8811
6597,343.927652
6598,343.978103
6599,344.033171
6600,344.093768
6601,344.161054
6602,344.236496
6603,344.321939
6604,344.419688
6605,344.532578
6606,344.663989
6607,344.817664
6608,344.996831
6609,345.139418
6610,345.253406
6611,345.343624
6612,345.413419
6613,345.465223
6614,345.500773
6615,345.521208
6616,345.527127
6617,345.518613
6618,345.495226
6619,345.45598
6620,345.399283
6621,345.322839
6622,345.223436
6623,345.096428
6624,344.934207
6625,344.798536
6626,344.686216
6627,344.593556
6628,344.517232
6629,344.454482
6630,344.403101
6631,344.361385
6632,344.328071
6633,344.302284
6634,344.283509
6635,344.271574
6636,344.266663
6637,344.269349
6638,344.280663
6639,344.302146
6640,344.335714
6641,344.356783
6642,344.368559
6643,344.373023
6644,344.371496
6645,344.364904
6646,344.353912
6647,344.338997
6648,344.320485
6649,344.29858
6650,344.273374
6651,344.244851
6652,344.212882
6653,344.177206
6654,344.137364
6655,344.092528
6656,343.710022
6657,343.744577
6658,343.781407
6659,343.82076
6660,343.862972
6661,343.90848
6662,343.957853
6663,344.011818
6664,344.071302
6665,344.137479
6666,344.211834
6667,344.296232
6668,344.392995
6669,344.504974
6670,344.635566
6671,344.788524
6672,344.967084
6673,345.109202
6674,345.22285
6675,345.312852
6676,345.382554
6677,345.434384
6678,345.47007
6679,345.490743
6680,345.49699
6681,345.488881
6682,345.46596
6683,345.427225
6684,345.371071
6685,345.295186
6686,345.196351
6687,345.069917
6688,344.908286
6689,344.773207
6690,344.661492
6691,344.569461
6692,344.493808
6693,344.431793
6694,344.381242
6695,344.340485
6696,344.308302
6697,344.283872
6698,344.266747
6699,344.256834
6700,344.25441
6701,344.260147
6702,344.275149
6703,344.300931
6704,344.339128
6705,344.364393
6706,344.379758
6707,344.387217
6708,344.388168
6709,344.383622
6710,344.374319
6711,344.360791
6712,344.343404
6713,344.322384
6714,344.297833
6715,344.269732
6716,344.237934
6717,344.202144
6718,344.161855
6719,344.116171
6720,343.695095
6721,343.72876
6722,343.764637
6723,343.802972
6724,343.844097
6725,343.888449
6726,343.936592
6727,343.989251
6728,344.047352
6729,344.112067
6730,344.184878
6731,344.267653
6732,344.362719
6733,344.472945
6734,344.601756
6735,344.752951
6736,344.929829
6737,345.07046
6738,345.182838
6739,345.271815
6740,345.340752
6741,345.392079
6742,345.427518
6743,345.448191
6744,345.454672
6745,345.44702
6746,345.42477
6747,345.386912
6748,345.33183
6749,345.257196
6750,345.159767
6751,345.034861
6752,344.874861
6753,344.741412
6754,344.631277
6755,344.54075
6756,344.466522
6757,344.405869
6758,344.356646
6759,344.317226
6760,344.286437
6761,344.263516
6762,344.248074
6763,344.240086
6764,344.239891
6765,344.248217
6766,344.266184
6767,344.29525
6768,344.336864
6769,344.365317
6770,344.383528
6771,344.393454
6772,344.39651
6773,344.393746
6774,344.385944
6775,344.373672
6776,344.357324
6777,344.337144
6778,344.313241
6779,344.285591
6780,344.254038
6781,344.218265
6782,344.177735
6783,344.131519
6784,343.679648
6785,343.712383
6786,343.747252
6787,343.784497
6788,343.824442
6789,343.867511
6790,343.914258
6791,343.965393
6792,344.021822
6793,344.084696
6794,344.155478
6795,344.236014
6796,344.328624
6797,344.436185
6798,344.562166
6799,344.710454
6800,344.884473
6801,345.022511
6802,345.132625
6803,345.219728
6804,345.287208
6805,345.3375
6806,345.372317
6807,345.392763
6808,345.399402
6809,345.392282
6810,345.370938
6811,345.334358
6812,345.280923
6813,345.208292
6814,345.113184
6815,344.990856
6816,344.833624
6817,344.702929
6818,344.595417
6819,344.507312
6820,344.435282
6821,344.376616
6822,344.329209
6823,344.291485
6824,344.262329
6825,344.24104
6826,344.227289
6827,344.221109
6828,344.222888
6829,344.233388
6830,344.253734
6831,344.285337
6832,344.329541
6833,344.360431
6834,344.380874
6835,344.392792
6836,344.397594
6837,344.396346
6838,344.389851
6839,344.378699
6840,344.363303
6841,344.343919
6842,344.32066
6843,344.293503
6844,344.262282
6845,344.226669
6846,344.186109
6847,344.139658
6848,343.663683
6849,343.695446
6850,343.729252
6851,343.765333
6852,343.803999
6853,343.845656
6854,343.890837
6855,343.940221
6856,343.994679
6857,344.055322
6858,344.123564
6859,344.201205
6860,344.29053
6861,344.394407
6862,344.516356
6863,344.660392
6864,344.830165
6865,344.964321
6866,345.071044
6867,345.155339
6868,345.220628
6869,345.269339
6870,345.303158
6871,345.323163
6872,345.329898
6873,345.323405
6874,345.303226
6875,345.268363
6876,345.217215
6877,345.147438
6878,345.055711
6879,344.937194
6880,344.784077
6881,344.657451
6882,344.553746
6883,344.469069
6884,344.400053
6885,344.344014
6886,344.298902
6887,344.263213
6888,344.235906
6889,344.216349
6890,344.204278
6891,344.19978
6892,344.203291
6893,344.215601
6894,344.237842
6895,344.271401
6896,344.317566
6897,344.350309
6898,344.372473
6899,344.385959
6900,344.392172
6901,344.39218
6902,344.386798
6903,344.37663
6904,344.362099
6905,344.343467
6906,344.320854
6907,344.294235
6908,344.26344
6909,344.228133
6910,344.187752
6911,344.141344
6912,343.647214
6913,343.677964
6914,343.710653
6915,343.745497
6916,343.782788
6917,343.822908
6918,343.866354
6919,343.913766
6920,343.96596
6921,344.02398
6922,344.089163
6923,344.16322
6924,344.248354
6925,344.347384
6926,344.463856
6927,344.601965
6928,344.765737
6929,344.894409
6930,344.996404
6931,345.07684
6932,345.13915
6933,345.185715
6934,345.218163
6935,345.23752
6936,345.244302
6937,345.238544
6938,345.219809
6939,345.187141
6940,345.138987
6941,345.073045
6942,344.985977
6943,344.872823
6944,344.725533
6945,344.604615
6946,344.506131
6947,344.426017
6948,344.360889
6949,344.308128
6950,344.265779
6951,344.232442
6952,344.207171
6953,344.18942
6954,344.178997
6955,344.176049
6956,344.181059
6957,344.194848
6958,344.218564
6959,344.253595
6960,344.301206
6961,344.335309
6962,344.358752
6963,344.373426
6964,344.380735
6965,344.38175
6966,344.377292
6967,344.367972
6968,344.354218
6969,344.336299
6970,344.314335
6971,344.288302
6972,344.258028
6973,344.223174
6974,344.183174
6975,344.137074
6976,343.630266
6977,343.659966
6978,343.691485
6979,343.725026
6980,343.760853
6981,343.79932
6982,343.840879
6983,343.886115
6984,343.935772
6985,343.990799
6986,344.052416
6987,344.122193
6988,344.202173
6989,344.295029
6990,344.404251
6991,344.534213
6992,344.689576
6993,344.810661
6994,344.906299
6995,344.981694
6996,345.040194
6997,345.084049
6998,345.114765
6999,345.133282
7000,345.140069
7001,345.135158
7002,345.11815
7003,345.088168
7004,345.043775
7005,344.982791
7006,344.901959
7007,344.796226
7008,344.657123
7009,344.54409
7010,344.452562
7011,344.378298
7012,344.317979
7013,344.269139
7014,344.22999
7015,344.199283
7016,344.176201
7017,344.160298
7018,344.151467
7019,344.149921
7020,344.156194
7021,344.171144
7022,344.195948
7023,344.23201
7024,344.280606
7025,344.315626
7026,344.339939
7027,344.355445
7028,344.36355
7029,344.365329
7030,344.361608
7031,344.353001
7032,344.339939
7033,344.322693
7034,344.301383
7035,344.275987
7036,344.246332
7037,344.212077
7038,344.172657
7039,344.127119
7040,343.612875
7041,343.641489
7042,343.671796
7043,343.703973
7044,343.738263
7045,343.774977
7046,343.814521
7047,343.857408
7048,343.904294
7049,343.956007
7050,344.013607
7051,344.078454
7052,344.152321
7053,344.237562
7054,344.337367
7055,344.456093
7056,344.599332
7057,344.709917
7058,344.797239
7059,344.866325
7060,344.920195
7061,344.960812
7062,344.989471
7063,345.006978
7064,345.013736
7065,345.009774
7066,344.994752
7067,344.967924
7068,344.928057
7069,344.873252
7070,344.800572
7071,344.705129
7072,344.57788
7073,344.475776
7074,344.393324
7075,344.326305
7076,344.271702
7077,344.227369
7078,344.191792
7079,344.163933
7080,344.143138
7081,344.129085
7082,344.121759
7083,344.121442
7084,344.128724
7085,344.14451
7086,344.170013
7087,344.206672
7088,344.255798
7089,344.291302
7090,344.316087
7091,344.332072
7092,344.340675
7093,344.342978
7094,344.339809
7095,344.331781
7096,344.319326
7097,344.302713
7098,344.282065
7099,344.257357
7100,344.228418
7101,344.194909
7102,344.156267
7103,344.111545
7104,343.595084
7105,343.622585
7106,343.651641
7107,343.68241
7108,343.715102
7109,343.74999
7110,343.78742
7111,343.827831
7112,343.871773
7113,343.919934
7114,343.973176
7115,344.032582
7116,344.099529
7117,344.175793
7118,344.263755
7119,344.366861
7120,344.490978
7121,344.586999
7122,344.663857
7123,344.725443
7124,344.77398
7125,344.810926
7126,344.837268
7127,344.85363
7128,344.86033
7129,344.857394
7130,344.844564
7131,344.821269
7132,344.786584
7133,344.73911
7134,344.676701
7135,344.595582
7136,344.487126
7137,344.40028
7138,344.32928
7139,344.270818
7140,344.222681
7141,344.183298
7142,344.151548
7143,344.126666
7144,344.108191
7145,344.095936
7146,344.089985
7147,344.090691
7148,344.098701
7149,344.114965
7150,344.140746
7151,344.177537
7152,344.226707
7153,344.262235
7154,344.28707
7155,344.303169
7156,344.311964
7157,344.314547
7158,344.311742
7159,344.304159
7160,344.292227
7161,344.276211
7162,344.256231
7163,344.232263
7164,344.204139
7165,344.171525
7166,344.133862
7167,344.090214
7168,343.576944
7169,343.603308
7170,343.631086
7171,343.660415
7172,343.691471
7173,343.724485
7174,343.759743
7175,343.797604
7176,343.838508
7177,343.882991
7178,343.931701
7179,343.985408
7180,344.045012
7181,344.1115
7182,344.185784
7183,344.268055
7184,344.355356
7185,344.432235
7186,344.49702
7187,344.550326
7188,344.593065
7189,344.626041
7190,344.649876
7191,344.664989
7192,344.671603
7193,344.669745
7194,344.659244
7195,344.639734
7196,344.610653
7197,344.571257
7198,344.520714
7199,344.458509
7200,344.386448
7201,344.320017
7202,344.262256
7203,344.213099
7204,344.171793
7205,344.137548
7206,344.109712
7207,344.087821
7208,344.071617
7209,344.061051
7210,344.056299
7211,344.057782
7212,344.066193
7213,344.082529
7214,344.108104
7215,344.144486
7216,344.193139
7217,344.228163
7218,344.25258
7219,344.268394
7220,344.277059
7221,344.279666
7222,344.277036
7223,344.269765
7224,344.258272
7225,344.242815
7226,344.223511
7227,344.200336
7228,344.173128
7229,344.141559
7230,344.105084
7231,344.062779
7232,343.55851
7233,343.583721
7234,343.610204
7235,343.638074
7236,343.667477
7237,343.698599
7238,343.731669
7239,343.766965
7240,343.804822
7241,343.845628
7242,343.889828
7243,343.937905
7244,343.990339
7245,344.047494
7246,344.109372
7247,344.175039
7248,344.241534
7249,344.302852
7250,344.356516
7251,344.40186
7252,344.438927
7253,344.467986
7254,344.489329
7255,344.503187
7256,344.509694
7257,344.508876
7258,344.500646
7259,344.484826
7260,344.461177
7261,344.429492
7262,344.389796
7263,344.34284
7264,344.291191
7265,344.240928
7266,344.195101
7267,344.154762
7268,344.12006
7269,344.090817
7270,344.066786
7271,344.047776
7272,344.033712
7273,344.024666
7274,344.020893
7275,344.022863
7276,344.0313
7277,344.047231
7278,344.072019
7279,344.107324
7280,344.154764
7281,344.188639
7282,344.212087
7283,344.227169
7284,344.235356
7285,344.237726
7286,344.235078
7287,344.227987
7288,344.216851
7289,344.201918
7290,344.183297
7291,344.160967
7292,344.134774
7293,344.104404
7294,344.069332
7295,344.02866
7296,343.539836
7297,343.563884
7298,343.589066
7299,343.615475
7300,343.643228
7301,343.67247
7302,343.703374
7303,343.736148
7304,343.771027
7305,343.808274
7306,343.848163
7307,343.89095
7308,343.936817
7309,343.985763
7310,344.037413
7311,344.090711
7312,344.143602
7313,344.193194
7314,344.237613
7315,344.275942
7316,344.307841
7317,344.333254
7318,344.352244
7319,344.364898
7320,344.37128
7321,344.371413
7322,344.365278
7323,344.352836
7324,344.334077
7325,344.309109
7326,344.278338
7327,344.242749
7328,344.204295
7329,344.165944
7330,344.129843
7331,344.09716
7332,344.06841
7333,344.043766
7334,344.023264
7335,344.006916
7336,343.994788
7337,343.987045
7338,343.983995
7339,343.986129
7340,343.994171
7341,344.009142
7342,344.032426
7343,344.065781
7344,344.111072
7345,344.142964
7346,344.164774
7347,344.178622
7348,344.18596
7349,344.187827
7350,344.184972
7351,344.177933
7352,344.167079
7353,344.152636
7354,344.134706
7355,344.113271
7356,344.088188
7357,344.059169
7358,344.025722
7359,343.986993
7360,343.520978
7361,343.543858
7362,343.567741
7363,343.592701
7364,343.618827
7365,343.646226
7366,343.675023
7367,343.705363
7368,343.737401
7369,343.771294
7370,343.807189
7371,343.845184
7372,343.88528
7373,343.927301
7374,343.970779
7375,344.014821
7376,344.058053
7377,344.098833
7378,344.135856
7379,344.168296
7380,344.195702
7381,344.21787
7382,344.234727
7383,344.246268
7384,344.252508
7385,344.253468
7386,344.249175
7387,344.239679
7388,344.225098
7389,344.205688
7390,344.181955
7391,344.154788
7392,344.125557
7393,344.095983
7394,344.067524
7395,344.041177
7396,344.01754
7397,343.996945
7398,343.979585
7399,343.965604
7400,343.95516
7401,343.948475
7402,343.945875
7403,343.947838
7404,343.955038
7405,343.968426
7406,343.989323
7407,344.019528
7408,344.061275
7409,344.090042
7410,344.109406
7411,344.121467
7412,344.127583
7413,344.12869
7414,344.125455
7415,344.118354
7416,344.107712
7417,344.09373
7418,344.076498
7419,344.056002
7420,344.032117
7421,344.004589
7422,343.972984
7423,343.93653
7424,343.501986
7425,343.523699
7426,343.546295
7427,343.569829
7428,343.594366
7429,343.619981
7430,343.646757
7431,343.674788
7432,343.704162
7433,343.734963
7434,343.767243
7435,343.801
7436,343.836142
7437,343.872429
7438,343.909414
7439,343.9464
7440,343.982448
7441,344.016513
7442,344.047685
7443,344.075296
7444,344.09891
7445,344.118274
7446,344.133254
7447,344.143792
7448,344.149876
7449,344.151525
7450,344.14879
7451,344.141769
7452,344.130637
7453,344.115695
7454,344.097427
7455,344.076556
7456,344.054053
7457,344.031033
7458,344.008511
7459,343.987283
7460,343.967907
7461,343.950761
7462,343.936111
7463,343.924167
7464,343.915135
7465,343.909258
7466,343.906849
7467,343.908329
7468,343.914267
7469,343.925442
7470,343.942934
7471,343.968299
7472,344.003983
7473,344.028027
7474,344.044023
7475,344.053753
7476,344.058307
7477,344.058434
7478,344.054675
7479,344.047419
7480,344.036936
7481,344.023393
7482,344.006868
7483,343.987348
7484,343.964732
7485,343.938814
7486,343.909241
7487,343.875388
7488,343.482904
7489,343.503457
7490,343.524785
7491,343.546926
7492,343.569925
7493,343.59383
7494,343.618691
7495,343.644558
7496,343.671474
7497,343.699465
7498,343.728523
7499,343.758591
7500,343.789531
7501,343.821096
7502,343.8529
7503,343.884406
7504,343.914948
7505,343.943816
7506,343.970356
7507,343.994047
7508,344.014513
7509,344.031501
7510,344.04486
7511,344.05451
7512,344.060426
7513,344.062624
7514,344.061166
7515,344.056168
7516,344.047819
7517,344.036411
7518,344.022365
7519,344.006253
7520,343.988779
7521,343.970718
7522,343.952804
7523,343.935658
7524,343.919765
7525,343.905492
7526,343.89312
7527,343.882883
7528,343.875
7529,343.869705
7530,343.867271
7531,343.868032
7532,343.872403
7533,343.880889
7534,343.894075
7535,343.912497
7536,343.936046
7537,343.953414
7538,343.965234
7539,343.972215
7540,343.974959
7541,343.973949
7542,343.969562
7543,343.962087
7544,343.951728
7545,343.938616
7546,343.922812
7547,343.904308
7548,343.883024
7549,343.858801
7550,343.831382
7551,343.800359
7552,343.463771
7553,343.483174
7554,343.503257
7555,343.524047
7556,343.545568
7557,343.567848
7558,343.59091
7559,343.614773
7560,343.639443
7561,343.664908
7562,343.691125
7563,343.718006
7564,343.745399
7565,343.773075
7566,343.800709
7567,343.827888
7568,343.854124
7569,343.878908
7570,343.901761
7571,343.922279
7572,343.940149
7573,343.955145
7574,343.967122
7575,343.975994
7576,343.981731
7577,343.984349
7578,343.98391
7579,343.98053
7580,343.97439
7581,343.965751
7582,343.954966
7583,343.94248
7584,343.92882
7585,343.914551
7586,343.900218
7587,343.886309
7588,343.873229
7589,343.861309
7590,343.850818
7591,343.841983
7592,343.835014
7593,343.830117
7594,343.827511
7595,343.827436
7596,343.830143
7597,343.83587
7598,343.844748
7599,343.856541
7600,343.869953
7601,343.880958
7602,343.888602
7603,343.892786
7604,343.89367
7605,343.891482
7606,343.886438
7607,343.878724
7608,343.868481
7609,343.855801
7610,343.84073
7611,343.823265
7612,343.803349
7613,343.780877
7614,343.755688
7615,343.727574
7616,343.444617
7617,343.462882
7618,343.481749
7619,343.501233
7620,343.521344
7621,343.542091
7622,343.563476
7623,343.585494
7624,343.608127
7625,343.631339
7626,343.655064
7627,343.679203
7628,343.703604
7629,343.728063
7630,343.752312
7631,343.776026
7632,343.79884
7633,343.820374
7634,343.84027
7635,343.858212
7636,343.873947
7637,343.887281
7638,343.898083
7639,343.906275
7640,343.911825
7641,343.914748
7642,343.915102
7643,343.912994
7644,343.908588
7645,343.902105
7646,343.893836
7647,343.884131
7648,343.873391
7649,343.862041
7650,343.850498
7651,343.839147
7652,343.828322
7653,343.81831
7654,343.809351
7655,343.801653
7656,343.795402
7657,343.79077
7658,343.787922
7659,343.78701
7660,343.788162
7661,343.791432
7662,343.796718
7663,343.803587
7664,343.811005
7665,343.817232
7666,343.82137
7667,343.823069
7668,343.822253
7669,343.818972
7670,343.813318
7671,343.805391
7672,343.795275
7673,343.783032
7674,343.768693
7675,343.75226
7676,343.733703
7677,343.712962
7678,343.689958
7679,343.664608
7680,343.42546
7681,343.442604
7682,343.460287
7683,343.478515
7684,343.497286
7685,343.516594
7686,343.536424
7687,343.556755
7688,343.577552
7689,343.598761
7690,343.620308
7691,343.642088
7692,343.663961
7693,343.685745
7694,343.70722
7695,343.728127
7696,343.748185
7697,343.767104
7698,343.784608
7699,343.80045
7700,343.814425
7701,343.826372
7702,343.836178
7703,343.843773
7704,343.849129
7705,343.852258
7706,343.853214
7707,343.852091
7708,343.849029
7709,343.844216
7710,343.837887
7711,343.830321
7712,343.821829
7713,343.812737
7714,343.803372
7715,343.794038
7716,343.785011
7717,343.776534
7718,343.768814
7719,343.762032
7720,343.756347
7721,343.751896
7722,343.748796
7723,343.747137
7724,343.746962
7725,343.748233
7726,343.750768
7727,343.754164
7728,343.757723
7729,343.760538
7730,343.761962
7731,343.761633
7732,343.759386
7733,343.755173
7734,343.749005
7735,343.74092
7736,343.730962
7737,343.719164
7738,343.705551
7739,343.690127
7740,343.672885
7741,343.653801
7742,343.63285
7743,343.610017
7744,343.406311
7745,343.42235
7746,343.438884
7747,343.455909
7748,343.473412
7749,343.491376
7750,343.509773
7751,343.528568
7752,343.547714
7753,343.567149
7754,343.586794
7755,343.606546
7756,343.626274
7757,343.645822
7758,343.665005
7759,343.683615
7760,343.701429
7761,343.718221
7762,343.733774
7763,343.747892
7764,343.76041
7765,343.771196
7766,343.780153
7767,343.787222
7768,343.792378
7769,343.795632
7770,343.797031
7771,343.796656
7772,343.794627
7773,343.791098
7774,343.786263
7775,343.780343
7776,343.773584
7777,343.766243
7778,343.758577
7779,343.750832
7780,343.743235
7781,343.735986
7782,343.729264
7783,343.723221
7784,343.717988
7785,343.713672
7786,343.710355
7787,343.708082
7788,343.706851
7789,343.706585
7790,343.707101
7791,343.708076
7792,343.709042
7793,343.709457
7794,343.708873
7795,343.706984
7796,343.70361
7797,343.69866
7798,343.692103
7799,343.683937
7800,343.674175
7801,343.662836
7802,343.649936
7803,343.635487
7804,343.619495
7805,343.601964
7806,343.582903
7807,343.562332
7808,343.387168
7809,343.402121
7810,343.417542
7811,343.43342
7812,343.449731
7813,343.466445
7814,343.483526
7815,343.500927
7816,343.518594
7817,343.536461
7818,343.554445
7819,343.572449
7820,343.590353
7821,343.608022
7822,343.625298
7823,343.642011
7824,343.65798
7825,343.673026
7826,343.686976
7827,343.699671
7828,343.710977
7829,343.720785
7830,343.729015
7831,343.735616
7832,343.740568
7833,343.74388
7834,343.745591
7835,343.745773
7836,343.744524
7837,343.741975
7838,343.738282
7839,343.733626
7840,343.728201
7841,343.722216
7842,343.715876
7843,343.70938
7844,343.702914
7845,343.696648
7846,343.690729
7847,343.685285
7848,343.680423
7849,343.676224
7850,343.672745
7851,343.670006
7852,343.667981
7853,343.666587
7854,343.665663
7855,343.664963
7856,343.664164
7857,343.662913
7858,343.660892
7859,343.657861
7860,343.653654
7861,343.648171
7862,343.641358
7863,343.633193
7864,343.623674
7865,343.612806
7866,343.600605
7867,343.587085
7868,343.572267
7869,343.556174
7870,343.538835
7871,343.520292
7872,343.368018
7873,343.381905
7874,343.396254
7875,343.411044
7876,343.426239
7877,343.441798
7878,343.457675
7879,343.473817
7880,343.490163
7881,343.506644
7882,343.52318
7883,343.539676
7884,343.556025
7885,343.572106
7886,343.587786
7887,343.602922
7888,343.617365
7889,343.630968
7890,343.64359
7891,343.655102
7892,343.665394
7893,343.674375
7894,343.681977
7895,343.688159
7896,343.692902
7897,343.696216
7898,343.698135
7899,343.698717
7900,343.698047
7901,343.696234
7902,343.693407
7903,343.689713
7904,343.685311
7905,343.680371
7906,343.675059
7907,343.669541
7908,343.663969
7909,343.658486
7910,343.653214
7911,343.64826
7912,343.643711
7913,343.63963
7914,343.636055
7915,343.632991
7916,343.630407
7917,343.628222
7918,343.626304
7919,343.624466
7920,343.62248
7921,343.620098
7922,343.61709
7923,343.613269
7924,343.608493
7925,343.602667
7926,343.595729
7927,343.58765
7928,343.578416
7929,343.568031
7930,343.556507
7931,343.543867
7932,343.530141
7933,343.515365
7934,343.49959
7935,343.482868
7936,343.348829
7937,343.361675
7938,343.374999
7939,343.388765
7940,343.402924
7941,343.417423
7942,343.432207
7943,343.447216
7944,343.462386
7945,343.477647
7946,343.492919
7947,343.508115
7948,343.523135
7949,343.537873
7950,343.552213
7951,343.566031
7952,343.579204
7953,343.591608
7954,343.603125
7955,343.61365
7956,343.623088
7957,343.631364
7958,343.638421
7959,343.644223
7960,343.648756
7961,343.652027
7962,343.654065
7963,343.654921
7964,343.654667
7965,343.653394
7966,343.651211
7967,343.648239
7968,343.644612
7969,343.640469
7970,343.635949
7971,343.63119
7972,343.62632
7973,343.621458
7974,343.616709
7975,343.612162
7976,343.607886
7977,343.603932
7978,343.600327
7979,343.597067
7980,343.594121
7981,343.591417
7982,343.588849
7983,343.586273
7984,343.583519
7985,343.580407
7986,343.576765
7987,343.572444
7988,343.567326
7989,343.561325
7990,343.554384
7991,343.546466
7992,343.537559
7993,343.527663
7994,343.516793
7995,343.504976
7996,343.492253
7997,343.478675
7998,343.464309
7999,343.449225
8000,343.329551
8001,343.341388
8002,343.353745
8003,343.366562
8004,343.37977
8005,343.393305
8006,343.407103
8007,343.4211
8008,343.435228
8009,343.449418
8010,343.463592
8011,343.477667
8012,343.491554
8013,343.505154
8014,343.518366
8015,343.531083
8016,343.543197
8017,343.554602
8018,343.565199
8019,343.574896
8020,343.583613
8021,343.591286
8022,343.597867
8023,343.603323
8024,343.607643
8025,343.610833
8026,343.612919
8027,343.613945
8028,343.613973
8029,343.61308
8030,343.61136
8031,343.608916
8032,343.605862
8033,343.602315
8034,343.598395
8035,343.594217
8036,343.589892
8037,343.585521
8038,343.581194
8039,343.576986
8040,343.572956
8041,343.569145
8042,343.565571
8043,343.562228
8044,343.559086
8045,343.556085
8046,343.553135
8047,343.550124
8048,343.546921
8049,343.543386
8050,343.539387
8051,343.534804
8052,343.529537
8053,343.52351
8054,343.516671
8055,343.508985
8056,343.500439
8057,343.491033
8058,343.480786
8059,343.469731
8060,343.457917
8061,343.445412
8062,343.432302
8063,343.418685
8064,343.3101
8065,343.320981
8066,343.332451
8067,343.344407
8068,343.356759
8069,343.369429
8070,343.382347
8071,343.395445
8072,343.408656
8073,343.42191
8074,343.435134
8075,343.448249
8076,343.461172
8077,343.473813
8078,343.48608
8079,343.497878
8080,343.509111
8081,343.519687
8082,343.529517
8083,343.538522
8084,343.546631
8085,343.553787
8086,343.559949
8087,343.565088
8088,343.569194
8089,343.572272
8090,343.574346
8091,343.575453
8092,343.57565
8093,343.575004
8094,343.573597
8095,343.57152
8096,343.568871
8097,343.565753
8098,343.562271
8099,343.558526
8100,343.554615
8101,343.550627
8102,343.546639
8103,343.542718
8104,343.538915
8105,343.535263
8106,343.531776
8107,343.528449
8108,343.525252
8109,343.522133
8110,343.519017
8111,343.515811
8112,343.512409
8113,343.508697
8114,343.504567
8115,343.499918
8116,343.494665
8117,343.488741
8118,343.482098
8119,343.474704
8120,343.466547
8121,343.457628
8122,343.447969
8123,343.437607
8124,343.4266
8125,343.415029
8126,343.403009
8127,343.390684
8128,343.290334
8129,343.300369
8130,343.311069
8131,343.322273
8132,343.333871
8133,343.345778
8134,343.357919
8135,343.370229
8136,343.382639
8137,343.395084
8138,343.407492
8139,343.41979
8140,343.4319
8141,343.443739
8142,343.455221
8143,343.46626
8144,343.476768
8145,343.486661
8146,343.495858
8147,343.504288
8148,343.511886
8149,343.518601
8150,343.524395
8151,343.529241
8152,343.533132
8153,343.536071
8154,343.53808
8155,343.539194
8156,343.539462
8157,343.538948
8158,343.537725
8159,343.535875
8160,343.533488
8161,343.530657
8162,343.527475
8163,343.524036
8164,343.520426
8165,343.516727
8166,343.513009
8167,343.509331
8168,343.50574
8169,343.502264
8170,343.498917
8171,343.495691
8172,343.492559
8173,343.489476
8174,343.486374
8175,343.483172
8176,343.479777
8177,343.476092
8178,343.47202
8179,343.467474
8180,343.462377
8181,343.456669
8182,343.450304
8183,343.443255
8184,343.43551
8185,343.427071
8186,343.41796
8187,343.408217
8188,343.397903
8189,343.38711
8190,343.375975
8191,343.36471
8192,343.56401
8193,343.58793
8194,343.611146
8195,343.63381
8196,343.655996
8197,343.677735
8198,343.699029
8199,343.719857
8200,343.74018
8201,343.759949
8202,343.779106
8203,343.797587
8204,343.815329
8205,343.83227
8206,343.848355
8207,343.863537
8208,343.877783
8209,343.891069
8210,343.903388
8211,343.914746
8212,343.925163
8213,343.934675
8214,343.943331
8215,343.95119
8216,343.958321
8217,343.964803
8218,343.970712
8219,343.976128
8220,343.981123
8221,343.985757
8222,343.990075
8223,343.994101
8224,343.997833
8225,344.001241
8226,344.004261
8227,344.006799
8228,344.00873
8229,344.009905
8230,344.010161
8231,344.009333
8232,344.007267
8233,344.003823
8234,343.998889
8235,343.992376
8236,343.984221
8237,343.974388
8238,343.96287
8239,343.949684
8240,343.934875
8241,343.918517
8242,343.90071
8243,343.881584
8244,343.86129
8245,343.840001
8246,343.817899
8247,343.795161
8248,343.771953
8249,343.748416
8250,343.72466
8251,343.700763
8252,343.676767
8253,343.652673
8254,343.628429
8255,343.60391
8256,343.576519
8257,343.601457
8258,343.625803
8259,343.649637
8260,343.673008
8261,343.695934
8262,343.718409
8263,343.740406
8264,343.761881
8265,343.782779
8266,343.803034
8267,343.822578
8268,343.841339
8269,343.859251
8270,343.876253
8271,343.892295
8272,343.907338
8273,343.921359
8274,343.934347
8275,343.94631
8276,343.957269
8277,343.967262
8278,343.976341
8279,343.984571
8280,343.992027
8281,343.99879
8282,344.004949
8283,344.010587
8284,344.015784
8285,344.020607
8286,344.025108
8287,344.029313
8288,344.033224
8289,344.03681
8290,344.040006
8291,344.04271
8292,344.04479
8293,344.046082
8294,344.046408
8295,344.045589
8296,344.043454
8297,344.039859
8298,344.034681
8299,344.027827
8300,344.019232
8301,344.008858
8302,343.996697
8303,343.982766
8304,343.967112
8305,343.949814
8306,343.930976
8307,343.910735
8308,343.889256
8309,343.866723
8310,343.843336
8311,343.819288
8312,343.794759
8313,343.769901
8314,343.744833
8315,343.71964
8316,343.69437
8317,343.669033
8318,343.643602
8319,343.618008
8320,343.589614
8321,343.615469
8322,343.640848
8323,343.665785
8324,343.6903
8325,343.714394
8326,343.738049
8327,343.761227
8328,343.783877
8329,343.805933
8330,343.827321
8331,343.847963
8332,343.867777
8333,343.886689
8334,343.904632
8335,343.921547
8336,343.937393
8337,343.952142
8338,343.965783
8339,343.978322
8340,343.989782
8341,344.000205
8342,344.009646
8343,344.018175
8344,344.025876
8345,344.032838
8346,344.039159
8347,344.044934
8348,344.050252
8349,344.05519
8350,344.059809
8351,344.064144
8352,344.068199
8353,344.071946
8354,344.07532
8355,344.078214
8356,344.080481
8357,344.081941
8358,344.082393
8359,344.081633
8360,344.079478
8361,344.075768
8362,344.070375
8363,344.063202
8364,344.054181
8365,344.043272
8366,344.030465
8367,344.015781
8368,343.999266
8369,343.981
8370,343.961094
8371,343.939693
8372,343.916973
8373,343.893139
8374,343.868414
8375,343.843015
8376,343.81714
8377,343.790955
8378,343.764588
8379,343.738132
8380,343.711645
8381,343.685149
8382,343.658638
8383,343.632084
8384,343.603098
8385,343.629832
8386,343.656197
8387,343.682196
8388,343.707828
8389,343.733079
8390,343.757917
8391,343.782292
8392,343.806143
8393,343.82939
8394,343.851949
8395,343.873727
8396,343.894631
8397,343.914576
8398,343.933482
8399,343.951287
8400,343.96794
8401,343.983411
8402,343.997685
8403,344.01077
8404,344.02269
8405,344.033488
8406,344.043225
8407,344.051979
8408,344.059841
8409,344.066913
8410,344.073303
8411,344.079121
8412,344.08447
8413,344.089442
8414,344.094106
8415,344.09851
8416,344.102665
8417,344.106548
8418,344.110094
8419,344.113189
8420,344.115676
8421,344.11735
8422,344.117976
8423,344.117322
8424,344.115183
8425,344.11139
8426,344.105807
8427,344.098332
8428,344.088896
8429,344.077458
8430,344.064008
8431,344.048564
8432,344.031176
8433,344.011923
8434,343.990921
8435,343.968321
8436,343.944314
8437,343.919128
8438,343.893018
8439,343.866234
8440,343.838997
8441,343.811485
8442,343.783838
8443,343.756156
8444,343.728503
8445,343.700913
8446,343.673395
8447,343.645943
8448,343.616823
8449,343.644425
8450,343.67175
8451,343.698789
8452,343.725525
8453,343.751929
8454,343.777958
8455,343.803552
8456,343.828632
8457,343.853108
8458,343.876878
8459,343.899834
8460,343.921868
8461,343.942878
8462,343.962775
8463,343.981484
8464,343.99895
8465,344.015135
8466,344.030025
8467,344.043624
8468,344.055958
8469,344.067075
8470,344.07704
8471,344.08594
8472,344.093874
8473,344.100959
8474,344.107318
8475,344.113078
8476,344.11836
8477,344.123272
8478,344.1279
8479,344.132301
8480,344.1365
8481,344.140478
8482,344.144171
8483,344.147465
8484,344.150188
8485,344.152108
8486,344.152943
8487,344.152425
8488,344.150327
8489,344.146469
8490,344.140709
8491,344.132944
8492,344.123101
8493,344.111141
8494,344.097051
8495,344.080849
8496,344.062584
8497,344.042338
8498,344.020226
8499,343.996407
8500,343.971083
8501,343.944507
8502,343.916981
8503,343.888796
8504,343.860195
8505,343.831372
8506,343.802474
8507,343.773605
8508,343.744836
8509,343.716209
8510,343.687741
8511,343.659434
8512,343.630668
8513,343.659131
8514,343.687404
8515,343.71547
8516,343.743304
8517,343.770865
8518,343.798098
8519,343.824932
8520,343.851275
8521,343.877019
8522,343.902045
8523,343.926224
8524,343.949429
8525,343.971541
8526,343.992454
8527,344.012084
8528,344.030366
8529,344.047259
8530,344.062743
8531,344.076823
8532,344.089527
8533,344.100904
8534,344.111027
8535,344.119988
8536,344.127902
8537,344.134898
8538,344.141118
8539,344.14671
8540,344.151817
8541,344.156566
8542,344.161063
8543,344.16538
8544,344.169549
8545,344.173563
8546,344.177359
8547,344.180821
8548,344.183765
8549,344.185936
8550,344.186989
8551,344.186609
8552,344.184553
8553,344.18063
8554,344.174695
8555,344.166642
8556,344.156398
8557,344.14392
8558,344.129198
8559,344.112247
8560,344.093116
8561,344.071885
8562,344.048672
8563,344.023638
8564,343.996997
8565,343.969024
8566,343.940082
8567,343.910509
8568,343.88057
8569,343.850471
8570,343.820364
8571,343.790359
8572,343.760529
8573,343.730919
8574,343.701552
8575,343.672433
8576,343.64452
8577,343.673839
8578,343.703051
8579,343.732138
8580,343.761065
8581,343.789787
8582,343.818239
8583,343.846337
8584,343.873976
8585,343.901031
8586,343.927359
8587,343.952809
8588,343.977228
8589,344.000476
8590,344.022432
8591,344.042997
8592,344.062098
8593,344.079689
8594,344.095747
8595,344.110275
8596,344.123302
8597,344.13488
8598,344.145088
8599,344.154027
8600,344.161823
8601,344.168623
8602,344.174589
8603,344.179896
8604,344.184711
8605,344.189187
8606,344.193448
8607,344.197583
8608,344.201637
8609,344.205606
8610,344.209434
8611,344.212998
8612,344.216104
8613,344.218467
8614,344.219689
8615,344.219411
8616,344.217368
8617,344.21336
8618,344.207236
8619,344.198888
8620,344.188242
8621,344.175253
8622,344.15991
8623,344.142228
8624,344.122253
8625,344.100067
8626,344.075788
8627,344.049582
8628,344.021672
8629,343.992359
8630,343.96206
8631,343.931157
8632,343.899939
8633,343.868625
8634,343.837371
8635,343.806291
8636,343.775461
8637,343.744927
8638,343.714714
8639,343.684828
8640,343.658269
8641,343.688435
8642,343.718578
8643,343.748676
8644,343.778694
8645,343.80858
8646,343.838262
8647,343.867646
8648,343.896613
8649,343.925019
8650,343.952696
8651,343.979463
8652,344.005139
8653,344.029557
8654,344.052578
8655,344.074089
8656,344.09401
8657,344.112287
8658,344.128896
8659,344.143838
8660,344.157142
8661,344.168864
8662,344.179086
8663,344.187919
8664,344.1955
8665,344.201994
8666,344.207588
8667,344.212486
8668,344.216886
8669,344.22097
8670,344.224884
8671,344.228733
8672,344.232571
8673,344.236401
8674,344.240165
8675,344.243737
8676,344.246907
8677,344.249362
8678,344.250662
8679,344.250413
8680,344.248329
8681,344.244196
8682,344.237857
8683,344.229199
8684,344.218146
8685,344.204652
8686,344.188705
8687,344.170317
8688,344.149536
8689,344.126442
8690,344.101156
8691,344.073851
8692,344.044762
8693,344.014213
8694,343.982662
8695,343.950527
8696,343.918122
8697,343.885676
8698,343.853356
8699,343.821276
8700,343.789517
8701,343.758124
8702,343.727122
8703,343.696517
8704,343.671806
8705,343.702806
8706,343.733866
8707,343.764965
8708,343.796065
8709,343.827112
8710,343.858028
8711,343.888713
8712,343.919033
8713,343.948825
8714,343.977894
8715,344.006022
8716,344.032991
8717,344.058607
8718,344.082708
8719,344.105171
8720,344.125906
8721,344.144855
8722,344.16199
8723,344.177312
8724,344.19085
8725,344.202661
8726,344.212831
8727,344.221479
8728,344.228751
8729,344.234832
8730,344.239935
8731,344.244298
8732,344.24816
8733,344.251733
8734,344.255187
8735,344.258639
8736,344.262154
8737,344.265738
8738,344.269332
8739,344.272799
8740,344.275916
8741,344.278346
8742,344.279617
8743,344.279308
8744,344.27711
8745,344.272797
8746,344.266205
8747,344.257215
8748,344.245747
8749,344.231756
8750,344.215224
8751,344.196166
8752,344.174627
8753,344.150688
8754,344.124475
8755,344.096166
8756,344.066009
8757,344.034351
8758,344.001676
8759,343.968432
8760,343.934952
8761,343.901479
8762,343.868188
8763,343.835198
8764,343.802589
8765,343.770408
8766,343.738681
8767,343.707411
8768,343.685021
8769,343.716836
8770,343.748793
8771,343.780873
8772,343.813039
8773,343.845234
8774,343.877379
8775,343.909364
8776,343.941049
8777,343.972249
8778,344.002742
8779,344.032266
8780,344.060554
8781,344.087381
8782,344.112567
8783,344.135977
8784,344.157514
8785,344.177116
8786,344.194751
8787,344.21042
8788,344.224151
8789,344.236002
8790,344.246062
8791,344.254455
8792,344.261337
8793,344.266907
8794,344.271407
8795,344.275116
8796,344.278323
8797,344.281273
8798,344.284158
8799,344.287107
8800,344.290193
8801,344.293421
8802,344.296728
8803,344.299973
8804,344.302914
8805,344.305197
8806,344.306326
8807,344.305856
8808,344.303463
8809,344.298909
8810,344.292019
8811,344.28267
8812,344.270778
8813,344.256295
8814,344.239204
8815,344.219515
8816,344.197276
8817,344.172569
8818,344.145521
8819,344.116318
8820,344.08522
8821,344.052588
8822,344.01893
8823,343.984712
8824,343.950286
8825,343.915906
8826,343.881753
8827,343.84795
8828,343.814581
8829,343.781692
8830,343.749308
8831,343.717432
8832,343.697803
8833,343.730408
8834,343.763235
8835,343.796268
8836,343.829471
8837,343.862789
8838,343.896139
8839,343.929407
8840,343.962444
8841,343.995052
8842,344.026977
8843,344.057908
8844,344.087518
8845,344.115549
8846,344.141807
8847,344.166146
8848,344.188463
8849,344.208692
8850,344.226799
8851,344.242783
8852,344.256672
8853,344.268524
8854,344.278428
8855,344.286512
8856,344.29294
8857,344.297924
8858,344.301729
8859,344.304683
8860,344.307138
8861,344.309372
8862,344.311593
8863,344.313944
8864,344.316499
8865,344.319264
8866,344.322173
8867,344.325075
8868,344.327719
8869,344.329734
8870,344.330606
8871,344.329875
8872,344.327203
8873,344.322339
8874,344.315103
8875,344.305365
8876,344.293039
8877,344.278074
8878,344.26045
8879,344.240178
8880,344.217304
8881,344.191911
8882,344.164131
8883,344.134153
8884,344.102246
8885,344.068785
8886,344.03429
8887,343.999244
8888,343.96401
8889,343.92885
8890,343.893953
8891,343.859446
8892,343.825412
8893,343.7919
8894,343.758933
8895,343.726513
8896,343.710045
8897,343.743406
8898,343.777067
8899,343.811015
8900,343.845215
8901,343.879613
8902,343.914124
8903,343.948633
8904,343.98298
8905,344.016953
8906,344.050274
8907,344.082578
8908,344.113472
8909,344.142671
8910,344.169964
8911,344.195197
8912,344.218261
8913,344.239086
8914,344.257635
8915,344.273906
8916,344.287923
8917,344.299746
8918,344.309464
8919,344.317207
8920,344.323145
8921,344.327502
8922,344.330564
8923,344.332709
8924,344.334353
8925,344.335806
8926,344.337294
8927,344.338966
8928,344.340901
8929,344.343104
8930,344.345508
8931,344.347954
8932,344.350182
8933,344.351811
8934,344.352316
8935,344.351224
8936,344.348186
8937,344.342945
8938,344.335313
8939,344.325157
8940,344.312387
8941,344.29695
8942,344.278824
8943,344.258019
8944,344.234581
8945,344.208592
8946,344.180187
8947,344.149559
8948,344.116982
8949,344.082839
8950,344.047658
8951,344.011933
8952,343.976034
8953,343.940231
8954,343.904715
8955,343.869616
8956,343.83502
8957,343.800974
8958,343.767502
8959,343.734605
8960,343.721641
8961,343.755717
8962,343.790168
8963,343.824982
8964,343.860125
8965,343.895544
8966,343.931154
8967,343.966834
8968,344.002415
8969,344.03767
8970,344.072293
8971,344.105875
8972,344.137971
8973,344.168269
8974,344.196539
8975,344.222615
8976,344.246382
8977,344.267766
8978,344.286726
8979,344.303255
8980,344.31738
8981,344.329155
8982,344.338673
8983,344.346065
8984,344.351508
8985,344.355237
8986,344.357564
8987,344.358905
8988,344.359726
8989,344.360368
8990,344.361076
8991,344.362008
8992,344.363247
8993,344.364802
8994,344.366601
8995,344.368484
8996,344.370186
8997,344.371318
8998,344.371348
8999,344.369798
9000,344.36631
9001,344.360624
9002,344.352548
9003,344.341945
9004,344.328722
9005,344.312825
9006,344.29423
9007,344.272947
9008,344.249018
9009,344.222529
9010,344.193611
9011,344.16246
9012,344.129354
9013,344.094678
9014,344.058966
9015,344.022714
9016,343.986298
9017,343.94999
9018,343.913984
9019,343.878412
9020,343.843358
9021,343.808872
9022,343.774975
9023,343.741669
9024,343.732492
9025,343.767237
9026,343.802424
9027,343.838043
9028,343.874063
9029,343.91043
9030,343.947056
9031,343.983817
9032,344.020532
9033,344.056959
9034,344.092765
9035,344.127505
9036,344.160698
9037,344.192004
9038,344.221174
9039,344.248031
9040,344.272449
9041,344.294349
9042,344.313687
9043,344.330453
9044,344.344669
9045,344.35639
9046,344.365709
9047,344.372758
9048,344.377723
9049,344.380851
9050,344.382474
9051,344.383041
9052,344.383053
9053,344.38288
9054,344.382782
9055,344.38293
9056,344.383414
9057,344.384244
9058,344.385351
9059,344.386572
9060,344.387643
9061,344.388172
9062,344.387626
9063,344.385523
9064,344.381506
9065,344.37531
9066,344.366741
9067,344.355663
9068,344.341982
9069,344.325639
9070,344.306611
9071,344.284905
9072,344.260564
9073,344.23367
9074,344.204355
9075,344.172813
9076,344.139321
9077,344.104263
9078,344.068173
9079,344.031549
9080,343.994766
9081,343.958096
9082,343.921732
9083,343.885806
9084,343.850402
9085,343.81557
9086,343.781331
9087,343.747687
9088,343.742507
9089,343.777868
9090,343.81373
9091,343.850085
9092,343.886905
9093,343.924133
9094,343.96168
9095,343.999415
9096,344.037149
9097,344.074623
9098,344.11148
9099,344.14725
9100,344.181423
9101,344.213633
9102,344.243616
9103,344.27118
9104,344.296192
9105,344.318565
9106,344.338249
9107,344.35523
9108,344.369529
9109,344.381198
9110,344.39033
9111,344.39706
9112,344.401579
9113,344.404147
9114,344.405113
9115,344.404949
9116,344.404182
9117,344.403204
9118,344.402292
9119,344.401629
9120,344.401309
9121,344.40135
9122,344.401685
9123,344.402155
9124,344.402497
9125,344.402323
9126,344.401104
9127,344.398359
9128,344.393733
9129,344.386965
9130,344.37786
9131,344.366282
9132,344.352135
9133,344.335363
9134,344.315939
9135,344.29387
9136,344.269196
9137,344.241997
9138,344.212401
9139,344.180601
9140,344.146867
9141,344.111581
9142,344.075271
9143,344.03843
9144,344.00143
9145,343.96454
9146,343.92795
9147,343.891791
9148,343.856146
9149,343.821063
9150,343.786565
9151,343.752653
9152,343.751606
9153,343.787523
9154,343.823992
9155,343.861008
9156,343.898541
9157,343.936535
9158,343.974897
9159,344.013491
9160,344.052118
9161,344.090505
9162,344.128279
9163,344.164945
9164,344.199975
9165,344.232981
9166,344.263683
9167,344.291878
9168,344.317422
9169,344.340222
9170,344.360222
9171,344.377403
9172,344.391782
9173,344.403409
9174,344.412376
9175,344.418821
9176,344.422938
9177,344.424997
9178,344.425359
9179,344.424514
9180,344.423008
9181,344.421248
9182,344.419527
9183,344.418035
9184,344.416877
9185,344.416074
9186,344.415566
9187,344.415201
9188,344.414723
9189,344.413752
9190,344.411766
9191,344.408293
9192,344.402985
9193,344.395584
9194,344.385901
9195,344.3738
9196,344.359186
9197,344.342003
9198,344.322224
9199,344.299852
9200,344.274925
9201,344.247521
9202,344.217763
9203,344.185837
9204,344.152008
9205,344.116647
9206,344.080275
9207,344.043374
9208,344.006308
9209,343.96934
9210,343.932657
9211,343.896384
9212,343.860605
9213,343.825366
9214,343.790691
9215,343.75658
9216,343.759719
9217,343.796128
9218,343.833132
9219,343.870726
9220,343.90888
9221,343.947537
9222,343.986602
9223,344.025932
9224,344.065323
9225,344.104488
9226,344.143041
9227,344.180472
9228,344.216233
9229,344.249924
9230,344.281251
9231,344.309998
9232,344.336014
9233,344.359197
9234,344.379485
9235,344.396854
9236,344.411315
9237,344.422917
9238,344.431749
9239,344.43795
9240,344.441717
9241,344.443324
9242,344.443142
9243,344.441673
9244,344.439473
9245,344.436964
9246,344.434446
9247,344.43212
9248,344.430096
9249,344.428405
9250,344.426993
9251,344.425717
9252,344.424332
9253,344.422472
9254,344.41963
9255,344.415347
9256,344.409286
9257,344.401197
9258,344.390897
9259,344.378253
9260,344.363173
9261,344.345599
9262,344.325504
9263,344.302891
9264,344.277794
9265,344.250285
9266,344.220484
9267,344.188567
9268,344.154788
9269,344.119508
9270,344.08323
9271,344.046425
9272,344.009444
9273,343.972539
9274,343.935891
9275,343.899622
9276,343.863813
9277,343.828511
9278,343.793738
9279,343.759496
9280,343.76679
9281,343.803624
9282,343.841087
9283,343.879172
9284,343.917851
9285,343.957064
9286,343.996715
9287,344.036657
9288,344.076678
9289,344.116485
9290,344.155681
9291,344.193745
9292,344.230116
9293,344.264383
9294,344.296239
9295,344.325462
9296,344.351891
9297,344.375415
9298,344.395966
9299,344.413514
9300,344.428066
9301,344.439666
9302,344.4484
9303,344.454404
9304,344.457878
9305,344.459097
9306,344.458437
9307,344.456404
9308,344.453563
9309,344.450343
9310,344.44705
9311,344.443893
9312,344.440988
9313,344.438372
9314,344.436
9315,344.433743
9316,344.43137
9317,344.428535
9318,344.424751
9319,344.419579
9320,344.412699
9321,344.403871
9322,344.39292
9323,344.379717
9324,344.364174
9325,344.346232
9326,344.325864
9327,344.30307
9328,344.277883
9329,344.25037
9330,344.220642
9331,344.188867
9332,344.155286
9333,344.12024
9334,344.084215
9335,344.04766
9336,344.010909
9337,343.974205
9338,343.937717
9339,343.901565
9340,343.865827
9341,343.830548
9342,343.795753
9343,343.761445
9344,343.772776
9345,343.809966
9346,343.847807
9347,343.886294
9348,343.925399
9349,343.96506
9350,344.005179
9351,344.045606
9352,344.086126
9353,344.12644
9354,344.166145
9355,344.204713
9356,344.241574
9357,344.276309
9358,344.308605
9359,344.338229
9360,344.365013
9361,344.38884
9362,344.409635
9363,344.42736
9364,344.442016
9365,344.453642
9366,344.46232
9367,344.468182
9368,344.471426
9369,344.472324
9370,344.471255
9371,344.468725
9372,344.465302
9373,344.461416
9374,344.457379
9375,344.453402
9376,344.449608
9377,344.44604
9378,344.442664
9379,344.439363
9380,344.435926
9381,344.432033
9382,344.427225
9383,344.421092
9384,344.413331
9385,344.403719
9386,344.392089
9387,344.378317
9388,344.362317
9389,344.344031
9390,344.323433
9391,344.300519
9392,344.27532
9393,344.247898
9394,344.218358
9395,344.186855
9396,344.153615
9397,344.118958
9398,344.08334
9399,344.047185
9400,344.010807
9401,343.974432
9402,343.938222
9403,343.902292
9404,343.866717
9405,343.831545
9406,343.796798
9407,343.762484
9408,343.777648
9409,343.815122
9410,343.853262
9411,343.892061
9412,343.931491
9413,343.97149
9414,344.011959
9415,344.052746
9416,344.093633
9417,344.134322
9418,344.174404
9419,344.213349
9420,344.250584
9421,344.285685
9422,344.318333
9423,344.348289
9424,344.375378
9425,344.399475
9426,344.420498
9427,344.438402
9428,344.453181
9429,344.464867
9430,344.473536
9431,344.479315
9432,344.482396
9433,344.483049
9434,344.481645
9435,344.47869
9436,344.474748
9437,344.47025
9438,344.465507
9439,344.460731
9440,344.456051
9441,344.451515
9442,344.447099
9443,344.442702
9444,344.438134
9445,344.433106
9446,344.4272
9447,344.42004
9448,344.411348
9449,344.400915
9450,344.388585
9451,344.37424
9452,344.357794
9453,344.339192
9454,344.318405
9455,344.29543
9456,344.270293
9457,344.243053
9458,344.213807
9459,344.182699
9460,344.149938
9461,344.115816
9462,344.080754
9463,344.045142
9464,344.009267
9465,343.97334
9466,343.937516
9467,343.901903
9468,343.866577
9469,343.831584
9470,343.796951
9471,343.762686
9472,343.78139
9473,343.819078
9474,343.857435
9475,343.896457
9476,343.936112
9477,343.976341
9478,344.017042
9479,344.058065
9480,344.099192
9481,344.140123
9482,344.180455
9483,344.219655
9484,344.257152
9485,344.29252
9486,344.325438
9487,344.355661
9488,344.383009
9489,344.407349
9490,344.428591
9491,344.446682
9492,344.461608
9493,344.473394
9494,344.482106
9495,344.487867
9496,344.490858
9497,344.491343
9498,344.489685
9499,344.486383
9500,344.481994
9501,344.476944
9502,344.471541
9503,344.465998
9504,344.460446
9505,344.454939
9506,344.449463
9507,344.443931
9508,344.438178
9509,344.43195
9510,344.424883
9511,344.416644
9512,344.406983
9513,344.395708
9514,344.382668
9515,344.367753
9516,344.350878
9517,344.331988
9518,344.311055
9519,344.288073
9520,344.263066
9521,344.236088
9522,344.207231
9523,344.176628
9524,344.14447
9525,344.11102
9526,344.076651
9527,344.041707
9528,344.00645
9529,343.971075
9530,343.935728
9531,343.900514
9532,343.865509
9533,343.830761
9534,343.796298
9535,343.762132
9536,343.784002
9537,343.821831
9538,343.860326
9539,343.899482
9540,343.939266
9541,343.979618
9542,344.020438
9543,344.061575
9544,344.102816
9545,344.143863
9546,344.184318
9547,344.223655
9548,344.261307
9549,344.29685
9550,344.329961
9551,344.360395
9552,344.387963
9553,344.412525
9554,344.433983
9555,344.452275
9556,344.467378
9557,344.479306
9558,344.48812
9559,344.493929
9560,344.496909
9561,344.497309
9562,344.495485
9563,344.491919
9564,344.487161
9565,344.481625
9566,344.475617
9567,344.469348
9568,344.462949
9569,344.456484
9570,344.449946
9571,344.443265
9572,344.436298
9573,344.428827
9574,344.420559
9575,344.411215
9576,344.400571
9577,344.388446
9578,344.374702
9579,344.35923
9580,344.341949
9581,344.322804
9582,344.301765
9583,344.278825
9584,344.254006
9585,344.227359
9586,344.198967
9587,344.168956
9588,344.137501
9589,344.104837
9590,344.07127
9591,344.037094
9592,344.002543
9593,343.9678
9594,343.933003
9595,343.898256
9596,343.863632
9597,343.829182
9598,343.794937
9599,343.760913
9600,343.785493
9601,343.823395
9602,343.86195
9603,343.901154
9604,343.940973
9605,343.981347
9606,344.022176
9607,344.063312
9608,344.104544
9609,344.145584
9610,344.186041
9611,344.225401
9612,344.263105
9613,344.298737
9614,344.331974
9615,344.362569
9616,344.390326
9617,344.415099
9618,344.436777
9619,344.455289
9620,344.470603
9621,344.482722
9622,344.491697
9623,344.497628
9624,344.500676
9625,344.501081
9626,344.499179
9627,344.49544
9628,344.490395
9629,344.484448
9630,344.477896
9631,344.470949
9632,344.463742
9633,344.456346
9634,344.448767
9635,344.440952
9636,344.432784
9637,344.424087
9638,344.414632
9639,344.404196
9640,344.39258
9641,344.379624
9642,344.365195
9643,344.349191
9644,344.331533
9645,344.312167
9646,344.291062
9647,344.268209
9648,344.243627
9649,344.217361
9650,344.189489
9651,344.160126
9652,344.129429
9653,344.097602
9654,344.064891
9655,344.031537
9656,343.997748
9657,343.963691
9658,343.929497
9659,343.895265
9660,343.861068
9661,343.826959
9662,343.792971
9663,343.759123
9664,343.785886
9665,343.823793
9666,343.862335
9667,343.901505
9668,343.941272
9669,343.981572
9670,344.022307
9671,344.063331
9672,344.10444
9673,344.145355
9674,344.185698
9675,344.224971
9676,344.262633
9677,344.298276
9678,344.331582
9679,344.362299
9680,344.390225
9681,344.415203
9682,344.437113
9683,344.455872
9684,344.471435
9685,344.483796
9686,344.492994
9687,344.499118
9688,344.502318
9689,344.502817
9690,344.500933
9691,344.497113
9692,344.491868
9693,344.485586
9694,344.478554
9695,344.470983
9696,344.463014
9697,344.454727
9698,344.446147
9699,344.43724
9700,344.427922
9701,344.418056
9702,344.407471
9703,344.395989
9704,344.383443
9705,344.369692
9706,344.354614
9707,344.338114
9708,344.320116
9709,344.300567
9710,344.279434
9711,344.256707
9712,344.232399
9713,344.206551
9714,344.179231
9715,344.150542
9716,344.12062
9717,344.089636
9718,344.057788
9719,344.025274
9720,343.992271
9721,343.958928
9722,343.925367
9723,343.891682
9724,343.857945
9725,343.824208
9726,343.790506
9727,343.756863
9728,343.785214
9729,343.823061
9730,343.86152
9731,343.900582
9732,343.940214
9733,343.980353
9734,344.0209
9735,344.061714
9736,344.102594
9737,344.143274
9738,344.183394
9739,344.22248
9740,344.260015
9741,344.295603
9742,344.328932
9743,344.359744
9744,344.387831
9745,344.413021
9746,344.435183
9747,344.454219
9748,344.470073
9749,344.482727
9750,344.492209
9751,344.498597
9752,344.502029
9753,344.502711
9754,344.500939
9755,344.497132
9756,344.491773
9757,344.485229
9758,344.477781
9759,344.46964
9760,344.460956
9761,344.451826
9762,344.442294
9763,344.432354
9764,344.421952
9765,344.410993
9766,344.399352
9767,344.386891
9768,344.373475
9769,344.358982
9770,344.343305
9771,344.326355
9772,344.30806
9773,344.288367
9774,344.267244
9775,344.244677
9776,344.220674
9777,344.195268
9778,344.168517
9779,344.140507
9780,344.111355
9781,344.081199
9782,344.0502
9783,344.018517
9784,343.9863
9785,343.953679
9786,343.920765
9787,343.887644
9788,343.854385
9789,343.82104
9790,343.787647
9791,343.754229
9792,343.783518
9793,343.821244
9794,343.859556
9795,343.898441
9796,343.937867
9797,343.977768
9798,344.018047
9799,344.058563
9800,344.099124
9801,344.139473
9802,344.179273
9803,344.218083
9804,344.255419
9805,344.290903
9806,344.324226
9807,344.355124
9808,344.383376
9809,344.408796
9810,344.431237
9811,344.450586
9812,344.466773
9813,344.47977
9814,344.489593
9815,344.49631
9816,344.500045
9817,344.50099
9818,344.499419
9819,344.495714
9820,344.490319
9821,344.483579
9822,344.475769
9823,344.467105
9824,344.457751
9825,344.447823
9826,344.437391
9827,344.426479
9828,344.415066
9829,344.403094
9830,344.390478
9831,344.377116
9832,344.362901
9833,344.34773
9834,344.331512
9835,344.314164
9836,344.29562
9837,344.275828
9838,344.254753
9839,344.232378
9840,344.208705
9841,344.183757
9842,344.157581
9843,344.130247
9844,344.101848
9845,344.072497
9846,344.04232
9847,344.011447
9848,343.980002
9849,343.948098
9850,343.91583
9851,343.883278
9852,343.850506
9853,343.817565
9854,343.784493
9855,343.751315
9856,343.780843
9857,343.818393
9858,343.856498
9859,343.895148
9860,343.934305
9861,343.973905
9862,344.01385
9863,344.054002
9864,344.094174
9865,344.134119
9866,344.173523
9867,344.211987
9868,344.249076
9869,344.284432
9870,344.317741
9871,344.348734
9872,344.377171
9873,344.40285
9874,344.425605
9875,344.445307
9876,344.46187
9877,344.475254
9878,344.485465
9879,344.492562
9880,344.496658
9881,344.49793
9882,344.496631
9883,344.493101
9884,344.487729
9885,344.480839
9886,344.472705
9887,344.463551
9888,344.45356
9889,344.442873
9890,344.431588
9891,344.419762
9892,344.407407
9893,344.394501
9894,344.380992
9895,344.366809
9896,344.351871
9897,344.336094
9898,344.319399
9899,344.301713
9900,344.282972
9901,344.263127
9902,344.24214
9903,344.219988
9904,344.196668
9905,344.172191
9906,344.146593
9907,344.119925
9908,344.09226
9909,344.063686
9910,344.034303
9911,344.004214
9912,343.973521
9913,343.942318
9914,343.910687
9915,343.8787
9916,343.846416
9917,343.813883
9918,343.781138
9919,343.748209
9920,343.777239
9921,343.814561
9922,343.85241
9923,343.890771
9924,343.929609
9925,343.968859
9926,344.008423
9927,344.048166
9928,344.087907
9929,344.127412
9930,344.166387
9931,344.204479
9932,344.241314
9933,344.276545
9934,344.309859
9935,344.340974
9936,344.369634
9937,344.395614
9938,344.418724
9939,344.438819
9940,344.455798
9941,344.469606
9942,344.480241
9943,344.48775
9944,344.492238
9945,344.49387
9946,344.492875
9947,344.489549
9948,344.484223
9949,344.477202
9950,344.468757
9951,344.459126
9952,344.448516
9953,344.437095
9954,344.424996
9955,344.412307
9956,344.399074
9957,344.385307
9958,344.370985
9959,344.356061
9960,344.340479
9961,344.32417
9962,344.307067
9963,344.289106
9964,344.270225
9965,344.250376
9966,344.229518
9967,344.207622
9968,344.184677
9969,344.160686
9970,344.135666
9971,344.109656
9972,344.082707
9973,344.054886
9974,344.026269
9975,343.996937
9976,343.966971
9977,343.93645
9978,343.905442
9979,343.874011
9980,343.842209
9981,343.810082
9982,343.777666
9983,343.74499
9984,343.772759
9985,343.809805
9986,343.847351
9987,343.885382
9988,343.923861
9989,343.962725
9990,344.001878
9991,344.041191
9992,344.080489
9993,344.119556
9994,344.158123
9995,344.195879
9996,344.232491
9997,344.267634
9998,344.300996
9999,344.332282
10000,344.361215
10001,344.387544
10002,344.411056
10003,344.431584
10004,344.449011
10005,344.46327
10006,344.474347
10007,344.482282
10008,344.487167
10009,344.489151
10010,344.488441
10011,344.485292
10012,344.479992
10013,344.472823
10014,344.464056
10015,344.453942
10016,344.442712
10017,344.430571
10018,344.417685
10019,344.404176
10020,344.390123
10021,344.375565
10022,344.360504
10023,344.34492
10024,344.328772
10025,344.312007
10026,344.294569
10027,344.276398
10028,344.257438
10029,344.237636
10030,344.216951
10031,344.195347
10032,344.172804
10033,344.149312
10034,344.124876
10035,344.099518
10036,344.073271
10037,344.046182
10038,344.018307
10039,343.989706
10040,343.960444
10041,343.930584
10042,343.900182
10043,343.869294
10044,343.837966
10045,343.80624
10046,343.77415
10047,343.741726
10048,343.767452
10049,343.80418
10050,343.841382
10051,343.879047
10052,343.917137
10053,343.95559
10054,343.994317
10055,344.033194
10056,344.072059
10057,344.110714
10058,344.148915
10059,344.186388
10060,344.222832
10061,344.257942
10062,344.291409
10063,344.322927
10064,344.352194
10065,344.378928
10066,344.402887
10067,344.423882
10068,344.441781
10069,344.456505
10070,344.46803
10071,344.476384
10072,344.481648
10073,344.483955
10074,344.483486
10075,344.480466
10076,344.475147
10077,344.467795
10078,344.458676
10079,344.448055
10080,344.436193
10081,344.423332
10082,344.409677
10083,344.395387
10084,344.380568
10085,344.365284
10086,344.34956
10087,344.333393
10088,344.316759
10089,344.299617
10090,344.281917
10091,344.263605
10092,344.244627
10093,344.224929
10094,344.204465
10095,344.183192
10096,344.161079
10097,344.138106
10098,344.114264
10099,344.089557
10100,344.064003
10101,344.037631
10102,344.010477
10103,343.982586
10104,343.954007
10105,343.924787
10106,343.894975
10107,343.864615
10108,343.83375
10109,343.802416
10110,343.770648
10111,343.738474
10112,343.761364
10113,343.797733
10114,343.834558
10115,343.871826
10116,343.909502
10117,343.947529
10118,343.985822
10119,344.024267
10120,344.062718
10121,344.100993
10122,344.138876
10123,344.176121
10124,344.212454
10125,344.247589
10126,344.281222
10127,344.313035
10128,344.3427
10129,344.369891
10130,344.394335
10131,344.415822
10132,344.434205
10133,344.449395
10134,344.461357
10135,344.470111
10136,344.475724
10137,344.478311
10138,344.478033
10139,344.475087
10140,344.469701
10141,344.462122
10142,344.452615
10143,344.441457
10144,344.42894
10145,344.415354
10146,344.40095
10147,344.385915
10148,344.370384
10149,344.354441
10150,344.338128
10151,344.321459
10152,344.304419
10153,344.286977
10154,344.269091
10155,344.250711
10156,344.23178
10157,344.212246
10158,344.192053
10159,344.171154
10160,344.149506
10161,344.127076
10162,344.103842
10163,344.079792
10164,344.054928
10165,344.029262
10166,344.002815
10167,343.975617
10168,343.947702
10169,343.919106
10170,343.889867
10171,343.860022
10172,343.829608
10173,343.798657
10174,343.767203
10175,343.735274
10176,343.754538
10177,343.790511
10178,343.826926
10179,343.86377
10180,343.901012
10181,343.938599
10182,343.976455
10183,344.014476
10184,344.052531
10185,344.090456
10186,344.12806
10187,344.16512
10188,344.201389
10189,344.236596
10190,344.270443
10191,344.302604
10192,344.332719
10193,344.360406
10194,344.385356
10195,344.407342
10196,344.426205
10197,344.441846
10198,344.454224
10199,344.463347
10200,344.46927
10201,344.472093
10202,344.471957
10203,344.469037
10204,344.46354
10205,344.4557
10206,344.445776
10207,344.434056
10208,344.420863
10209,344.406557
10210,344.391428
10211,344.375695
10212,344.359512
10213,344.342981
10214,344.326159
10215,344.309068
10216,344.291704
10217,344.274045
10218,344.256051
10219,344.237674
10220,344.21886
10221,344.19955
10222,344.179685
10223,344.159207
10224,344.138063
10225,344.116206
10226,344.0936
10227,344.070218
10228,344.046046
10229,344.021082
10230,343.995333
10231,343.968815
10232,343.941549
10233,343.913562
10234,343.884882
10235,343.85554
10236,343.825566
10237,343.79499
10238,343.763842
10239,343.732153
10240,343.747009
10241,343.782552
10242,343.818526
10243,343.854921
10244,343.891709
10245,343.928845
10246,343.966259
10247,344.00386
10248,344.04153
10249,344.079124
10250,344.116472
10251,344.153374
10252,344.189602
10253,344.224901
10254,344.258981
10255,344.29151
10256,344.322101
10257,344.350288
10258,344.375737
10259,344.398204
10260,344.417523
10261,344.433586
10262,344.446345
10263,344.455799
10264,344.461991
10265,344.465008
10266,344.464972
10267,344.462042
10268,344.456407
10269,344.448289
10270,344.437943
10271,344.425662
10272,344.411798
10273,344.396799
10274,344.380994
10275,344.364626
10276,344.347866
10277,344.330828
10278,344.313579
10279,344.296152
10280,344.27855
10281,344.260755
10282,344.242732
10283,344.224434
10284,344.205807
10285,344.186786
10286,344.167308
10287,344.147303
10288,344.126706
10289,344.105457
10290,344.083504
10291,344.060806
10292,344.037334
10293,344.013073
10294,343.988018
10295,343.962171
10296,343.935544
10297,343.908154
10298,343.880022
10299,343.851172
10300,343.821628
10301,343.791418
10302,343.76057
10303,343.729115
10304,343.738807
10305,343.773886
10306,343.80939
10307,343.845311
10308,343.881626
10309,343.918295
10310,343.955258
10311,343.992434
10312,344.029721
10313,344.06699
10314,344.104087
10315,344.140834
10316,344.177018
10317,344.212397
10318,344.246683
10319,344.279538
10320,344.310544
10321,344.339179
10322,344.365078
10323,344.387981
10324,344.407709
10325,344.424151
10326,344.437246
10327,344.446987
10328,344.453408
10329,344.45658
10330,344.456614
10331,344.453652
10332,344.447872
10333,344.439486
10334,344.428748
10335,344.415962
10336,344.401511
10337,344.385902
10338,344.369505
10339,344.352589
10340,344.33534
10341,344.317885
10342,344.300301
10343,344.282627
10344,344.264874
10345,344.247028
10346,344.229057
10347,344.210916
10348,344.192546
10349,344.173882
10350,344.15485
10351,344.135373
10352,344.115372
10353,344.09477
10354,344.073499
10355,344.051505
10356,344.028746
10357,344.005192
10358,343.980829
10359,343.955648
10360,343.929654
10361,343.902853
10362,343.875261
10363,343.846894
10364,343.817773
10365,343.787924
10366,343.757371
10367,343.726144
10368,343.729958
10369,343.76454
10370,343.799543
10371,343.834964
10372,343.870783
10373,343.906966
10374,343.943463
10375,343.980202
10376,344.017094
10377,344.054025
10378,344.090859
10379,344.12743
10380,344.16354
10381,344.198955
10382,344.233389
10383,344.266491
10384,344.297821
10385,344.326817
10386,344.353088
10387,344.376357
10388,344.396432
10389,344.413193
10390,344.426574
10391,344.436556
10392,344.443164
10393,344.446461
10394,344.446544
10395,344.443545
10396,344.437632
10397,344.429012
10398,344.41794
10399,344.404733
10400,344.389801
10401,344.373694
10402,344.356815
10403,344.339456
10404,344.321821
10405,344.30405
10406,344.286228
10407,344.268403
10408,344.25059
10409,344.232778
10410,344.21494
10411,344.197029
10412,344.178988
10413,344.160747
10414,344.142225
10415,344.123333
10416,344.103977
10417,344.084064
10418,344.063508
10419,344.04224
10420,344.020207
10421,343.997368
10422,343.973698
10423,343.949183
10424,343.923815
10425,343.897599
10426,343.87054
10427,343.842652
10428,343.813951
10429,343.784458
10430,343.754198
10431,343.723199
10432,343.720481
10433,343.754533
10434,343.789006
10435,343.823897
10436,343.859194
10437,343.894867
10438,343.930874
10439,343.967153
10440,344.003627
10441,344.040194
10442,344.076731
10443,344.113085
10444,344.149069
10445,344.184453
10446,344.218951
10447,344.252203
10448,344.283749
10449,344.313002
10450,344.339549
10451,344.363097
10452,344.383443
10453,344.400456
10454,344.414063
10455,344.424239
10456,344.430998
10457,344.434395
10458,344.434517
10459,344.431489
10460,344.42547
10461,344.416666
10462,344.405335
10463,344.391807
10464,344.376511
10465,344.360028
10466,344.342789
10467,344.325106
10468,344.3072
10469,344.289221
10470,344.271265
10471,344.253385
10472,344.235602
10473,344.21791
10474,344.200284
10475,344.182678
10476,344.165035
10477,344.14728
10478,344.129328
10479,344.111078
10480,344.092418
10481,344.073235
10482,344.053425
10483,344.032906
10484,344.011613
10485,343.989496
10486,343.966523
10487,343.942671
10488,343.91793
10489,343.892294
10490,343.865767
10491,343.838355
10492,343.810074
10493,343.780938
10494,343.750972
10495,343.720203
10496,343.710393
10497,343.743882
10498,343.777792
10499,343.812124
10500,343.846868
10501,343.882001
10502,343.917487
10503,343.953274
10504,343.989294
10505,344.025456
10506,344.061648
10507,344.097726
10508,344.133513
10509,344.168782
10510,344.203245
10511,344.236537
10512,344.268182
10513,344.297578
10514,344.324294
10515,344.348023
10516,344.368554
10517,344.385746
10518,344.399519
10519,344.409839
10520,344.416715
10521,344.420193
10522,344.420354
10523,344.417313
10524,344.411229
10525,344.402303
10526,344.390798
10527,344.377054
10528,344.361516
10529,344.344786
10530,344.327315
10531,344.309433
10532,344.291374
10533,344.273301
10534,344.255316
10535,344.23748
10536,344.219818
10537,344.20233
10538,344.184991
10539,344.16776
10540,344.150577
10541,344.133368
10542,344.11604
10543,344.098483
10544,344.080567
10545,344.062152
10546,344.043116
10547,344.023363
10548,344.002821
10549,343.981432
10550,343.959158
10551,343.935971
10552,343.911854
10553,343.886799
10554,343.860803
10555,343.83387
10556,343.806011
10557,343.777239
10558,343.747574
10559,343.717044
10560,343.699708
10561,343.732601
10562,343.765916
10563,343.799654
10564,343.833811
10565,343.868368
10566,343.903296
10567,343.938549
10568,343.974068
10569,344.009772
10570,344.045557
10571,344.081288
10572,344.116793
10573,344.151849
10574,344.18617
10575,344.219383
10576,344.251006
10577,344.280424
10578,344.307195
10579,344.331002
10580,344.351626
10581,344.36892
10582,344.382795
10583,344.393212
10584,344.400174
10585,344.40372
10586,344.403924
10587,344.400898
10588,344.394795
10589,344.385817
10590,344.374229
10591,344.360378
10592,344.344721
10593,344.327873
10594,344.3103
10595,344.292346
10596,344.274257
10597,344.256204
10598,344.238296
10599,344.220601
10600,344.20315
10601,344.185944
10602,344.168964
10603,344.15217
10604,344.135504
10605,344.118888
10606,344.102228
10607,344.085403
10608,344.068269
10609,344.050648
10610,344.032403
10611,344.013428
10612,343.993642
10613,343.972984
10614,343.951409
10615,343.928886
10616,343.905394
10617,343.88092
10618,343.855458
10619,343.82901
10620,343.801581
10621,343.773183
10622,343.743834
10623,343.713559
10624,343.688438
10625,343.720702
10626,343.753387
10627,343.786497
10628,343.820029
10629,343.85397
10630,343.888295
10631,343.922965
10632,343.957929
10633,343.993111
10634,344.028416
10635,344.063716
10636,344.098845
10637,344.133584
10638,344.167646
10639,344.200657
10640,344.232132
10641,344.261448
10642,344.288157
10643,344.311936
10644,344.33256
10645,344.349874
10646,344.363788
10647,344.374256
10648,344.381275
10649,344.38488
10650,344.385139
10651,344.382159
10652,344.376091
10653,344.367135
10654,344.355557
10655,344.341709
10656,344.326054
10657,344.309216
10658,344.291672
10659,344.273774
10660,344.255777
10661,344.237856
10662,344.220131
10663,344.202673
10664,344.185516
10665,344.168668
10666,344.152112
10667,344.135809
10668,344.119704
10669,344.103717
10670,344.08775
10671,344.071676
10672,344.055333
10673,344.038513
10674,344.021061
10675,344.002864
10676,343.983833
10677,343.963903
10678,343.943025
10679,343.921164
10680,343.898296
10681,343.874405
10682,343.849483
10683,343.823527
10684,343.796541
10685,343.768534
10686,343.739522
10687,343.709527
10688,343.676597
10689,343.708199
10690,343.740218
10691,343.772661
10692,343.805529
10693,343.838809
10694,343.872482
10695,343.906515
10696,343.940861
10697,343.975451
10698,344.010196
10699,344.044975
10700,344.079625
10701,344.113933
10702,344.147616
10703,344.180299
10704,344.211496
10705,344.240585
10706,344.267113
10707,344.290756
10708,344.311283
10709,344.328539
10710,344.342428
10711,344.352902
10712,344.359952
10713,344.36361
10714,344.363938
10715,344.361041
10716,344.355065
10717,344.346208
10718,344.334736
10719,344.321
10720,344.305469
10721,344.288769
10722,344.271382
10723,344.253665
10724,344.235878
10725,344.218203
10726,344.200761
10727,344.18363
10728,344.166848
10729,344.150426
10730,344.13435
10731,344.118585
10732,344.103074
10733,344.087739
10734,344.072477
10735,344.057152
10736,344.041589
10737,344.025557
10738,344.008888
10739,343.991459
10740,343.973174
10741,343.953964
10742,343.933776
10743,343.912574
10744,343.89033
10745,343.867025
10746,343.84265
10747,343.817198
10748,343.790672
10749,343.763078
10750,343.734431
10751,343.704752
10752,343.664199
10753,343.695104
10754,343.726422
10755,343.758161
10756,343.79032
10757,343.822893
10758,343.855862
10759,343.889199
10760,343.922859
10761,343.956782
10762,343.990881
10763,344.025041
10764,344.059107
10765,344.092867
10766,344.126045
10767,344.158271
10768,344.189061
10769,344.217794
10770,344.244022
10771,344.267418
10772,344.287754
10773,344.304872
10774,344.318675
10775,344.32911
10776,344.336169
10777,344.339875
10778,344.340291
10779,344.337516
10780,344.331691
10781,344.323012
10782,344.311742
10783,344.298229
10784,344.282941
10785,344.266504
10786,344.249399
10787,344.231986
10788,344.214526
10789,344.197203
10790,344.180142
10791,344.163424
10792,344.14709
10793,344.131156
10794,344.115609
10795,344.100418
10796,344.085526
10797,344.070854
10798,344.056297
10799,344.04171
10800,344.026906
10801,344.011641
10802,343.995735
10803,343.979055
10804,343.961501
10805,343.942999
10806,343.923493
10807,343.902944
10808,343.881323
10809,343.858608
10810,343.834788
10811,343.809856
10812,343.78381
10813,343.756657
10814,343.728408
10815,343.699086
10816,343.651259
10817,343.681435
10818,343.712016
10819,343.74301
10820,343.774418
10821,343.806235
10822,343.838446
10823,343.871024
10824,343.90393
10825,343.937106
10826,343.97047
10827,344.003913
10828,344.037282
10829,344.070376
10830,344.102922
10831,344.134559
10832,344.164809
10833,344.193059
10834,344.218866
10835,344.241907
10836,344.261957
10837,344.278858
10838,344.292513
10839,344.30287
10840,344.309914
10841,344.31367
10842,344.314193
10843,344.31158
10844,344.305968
10845,344.297547
10846,344.286574
10847,344.273395
10848,344.258468
10849,344.242417
10850,344.225718
10851,344.208727
10852,344.191705
10853,344.174836
10854,344.158248
10855,344.142022
10856,344.126204
10857,344.110811
10858,344.095835
10859,344.081245
10860,344.066988
10861,344.052983
10862,344.039121
10863,344.025254
10864,344.011186
10865,343.996661
10866,343.981491
10867,343.965537
10868,343.948693
10869,343.930883
10870,343.912048
10871,343.892145
10872,343.871145
10873,343.849025
10874,343.825771
10875,343.801374
10876,343.775833
10877,343.749151
10878,343.72134
10879,343.692423
10880,343.637795
10881,343.667211
10882,343.697019
10883,343.727229
10884,343.757842
10885,343.788855
10886,343.820252
10887,343.85201
10888,343.884091
10889,343.91644
10890,343.94898
10891,343.981604
10892,344.014167
10893,344.046473
10894,344.078259
10895,344.109174
10896,344.138751
10897,344.16639
10898,344.191654
10899,344.214233
10900,344.233902
10901,344.25051
10902,344.26396
10903,344.274197
10904,344.281208
10905,344.285013
10906,344.285666
10907,344.283257
10908,344.277919
10909,344.269835
10910,344.259257
10911,344.246519
10912,344.232072
10913,344.216527
10914,344.200353
10915,344.183899
10916,344.167422
10917,344.151104
10918,344.135073
10919,344.119411
10920,344.104167
10921,344.089362
10922,344.07499
10923,344.061023
10924,344.047408
10925,344.034066
10926,344.020886
10927,344.007715
10928,343.994353
10929,343.980537
10930,343.966074
10931,343.950819
10932,343.934662
10933,343.917524
10934,343.899345
10935,343.880081
10936,343.8597
10937,343.838179
10938,343.815502
10939,343.79166
10940,343.766649
10941,343.740474
10942,343.713144
10943,343.684682
10944,343.623829
10945,343.652453
10946,343.681454
10947,343.710842
10948,343.740619
10949,343.770779
10950,343.801309
10951,343.832186
10952,343.863374
10953,343.894818
10954,343.926444
10955,343.95815
10956,343.989796
10957,344.021195
10958,344.052093
10959,344.082153
10960,344.110925
10961,344.137823
10962,344.162427
10963,344.184436
10964,344.203634
10965,344.219875
10966,344.233062
10967,344.243144
10968,344.250104
10969,344.25396
10970,344.254763
10971,344.252599
10972,344.247596
10973,344.23993
10974,344.229841
10975,344.217652
10976,344.203799
10977,344.188879
10978,344.173346
10979,344.157539
10980,344.141707
10981,344.126028
10982,344.11063
10983,344.095596
10984,344.080978
10985,344.066798
10986,344.053055
10987,344.039723
10988,344.026752
10989,344.014063
10990,344.001545
10991,343.989044
10992,343.976357
10993,343.963217
10994,343.949427
10995,343.93484
10996,343.919344
10997,343.902858
10998,343.88532
10999,343.866685
11000,343.84692
11001,343.826002
11002,343.803915
11003,343.780647
11004,343.756196
11005,343.730564
11006,343.703761
11007,343.675809
11008,343.609386
11009,343.637187
11010,343.66535
11011,343.69388
11012,343.722779
11013,343.752041
11014,343.781654
11015,343.811593
11016,343.841821
11017,343.872286
11018,343.902915
11019,343.933608
11020,343.964233
11021,343.994607
11022,344.024492
11023,344.053566
11024,344.081399
11025,344.10743
11026,344.131257
11027,344.152594
11028,344.171235
11029,344.187038
11030,344.19991
11031,344.209801
11032,344.216693
11033,344.220602
11034,344.221576
11035,344.219697
11036,344.215088
11037,344.207915
11038,344.198408
11039,344.186874
11040,344.17373
11041,344.159549
11042,344.144768
11043,344.129709
11044,344.114612
11045,344.099653
11046,344.084955
11047,344.070604
11048,344.056652
11049,344.043127
11050,344.03003
11051,344.017339
11052,344.005005
11053,343.992954
11054,343.981074
11055,343.969212
11056,343.957165
11057,343.944665
11058,343.931514
11059,343.917562
11060,343.902698
11061,343.88684
11062,343.869926
11063,343.85191
11064,343.832759
11065,343.812449
11066,343.790964
11067,343.768292
11068,343.74443
11069,343.719379
11070,343.69315
11071,343.665765
11072,343.594491
11073,343.621444
11074,343.648736
11075,343.676375
11076,343.704359
11077,343.732683
11078,343.761331
11079,343.790279
11080,343.819488
11081,343.848907
11082,343.878463
11083,343.908057
11084,343.937562
11085,343.966803
11086,343.995555
11087,344.023515
11088,344.050281
11089,344.075322
11090,344.098262
11091,344.11883
11092,344.136833
11093,344.152134
11094,344.164645
11095,344.174312
11096,344.181121
11097,344.185084
11098,344.186248
11099,344.18469
11100,344.180527
11101,344.173918
11102,344.165081
11103,344.154303
11104,344.141976
11105,344.128644
11106,344.114716
11107,344.100498
11108,344.086218
11109,344.072045
11110,344.058103
11111,344.044478
11112,344.031225
11113,344.018374
11114,344.005932
11115,343.993878
11116,343.982171
11117,343.970735
11118,343.959465
11119,343.948209
11120,343.936764
11121,343.924865
11122,343.912314
11123,343.898964
11124,343.884702
11125,343.869448
11126,343.85314
11127,343.835732
11128,343.817191
11129,343.797494
11130,343.776623
11131,343.754568
11132,343.731325
11133,343.706895
11134,343.681289
11135,343.654528
11136,343.579175
11137,343.605254
11138,343.631649
11139,343.658366
11140,343.685403
11141,343.712751
11142,343.740394
11143,343.768305
11144,343.796445
11145,343.824759
11146,343.853175
11147,343.881596
11148,343.909896
11149,343.937908
11150,343.965418
11151,343.992146
11152,344.017724
11153,344.04166
11154,344.063612
11155,344.083326
11156,344.100621
11157,344.115365
11158,344.127471
11159,344.136889
11160,344.1436
11161,344.147617
11162,344.148984
11163,344.147776
11164,344.144104
11165,344.138121
11166,344.130031
11167,344.120102
11168,344.108695
11169,344.096311
11170,344.083325
11171,344.070025
11172,344.056626
11173,344.043294
11174,344.03015
11175,344.017281
11176,344.004747
11177,343.992582
11178,343.980793
11179,343.969368
11180,343.958268
11181,343.947422
11182,343.936728
11183,343.926039
11184,343.915156
11185,343.903816
11186,343.891827
11187,343.879041
11188,343.86535
11189,343.850674
11190,343.834952
11191,343.818141
11192,343.800206
11193,343.781126
11194,343.760882
11195,343.739466
11196,343.716872
11197,343.693103
11198,343.668169
11199,343.64209
11200,343.563471
11201,343.588652
11202,343.614125
11203,343.639894
11204,343.665955
11205,343.692298
11206,343.718902
11207,343.745739
11208,343.772768
11209,343.799932
11210,343.827156
11211,343.854345
11212,343.881372
11213,343.908079
11214,343.934259
11215,343.959654
11216,343.983935
11217,344.00667
11218,344.027551
11219,344.046345
11220,344.062876
11221,344.077018
11222,344.088687
11223,344.09783
11224,344.10443
11225,344.108499
11226,344.110078
11227,344.109239
11228,344.10609
11229,344.100778
11230,344.093495
11231,344.084491
11232,344.074091
11233,344.062735
11234,344.050762
11235,344.038436
11236,344.025964
11237,344.013508
11238,344.001188
11239,343.989094
11240,343.977288
11241,343.965807
11242,343.954664
11243,343.943851
11244,343.933332
11245,343.923043
11246,343.912888
11247,343.902724
11248,343.892358
11249,343.881535
11250,343.870064
11251,343.857805
11252,343.844653
11253,343.830528
11254,343.815373
11255,343.799145
11256,343.781813
11257,343.763353
11258,343.74375
11259,343.722993
11260,343.701079
11261,343.67801
11262,343.653795
11263,343.628457
11264,343.547411
11265,343.571674
11266,343.596205
11267,343.621004
11268,343.646066
11269,343.671378
11270,343.696918
11271,343.722653
11272,343.748541
11273,343.774522
11274,343.80052
11275,343.826437
11276,343.85215
11277,343.877501
11278,343.902297
11279,343.926294
11280,343.949198
11281,343.970669
11282,343.990428
11283,344.008257
11284,344.023987
11285,344.037498
11286,344.048704
11287,344.057555
11288,344.064033
11289,344.068147
11290,344.069938
11291,344.069475
11292,344.066864
11293,344.062244
11294,344.055799
11295,344.047764
11296,344.038431
11297,344.028149
11298,344.017222
11299,344.005898
11300,343.994376
11301,343.982811
11302,343.971325
11303,343.96001
11304,343.948928
11305,343.938121
11306,343.927607
11307,343.917381
11308,343.907413
11309,343.897645
11310,343.887986
11311,343.878301
11312,343.868406
11313,343.858052
11314,343.847057
11315,343.835285
11316,343.822636
11317,343.809036
11318,343.794428
11319,343.778772
11320,343.762037
11321,343.744201
11322,343.72525
11323,343.705173
11324,343.683968
11325,343.661636
11326,343.63819
11327,343.613648
11328,343.53103
11329,343.554357
11330,343.577927
11331,343.601739
11332,343.625785
11333,343.650049
11334,343.674507
11335,343.699124
11336,343.723853
11337,343.748633
11338,343.773386
11339,343.798014
11340,343.822396
11341,343.846379
11342,343.86978
11343,343.892377
11344,343.913914
11345,343.934118
11346,343.952746
11347,343.969595
11348,343.984511
11349,343.997374
11350,344.008104
11351,344.01665
11352,344.022994
11353,344.027144
11354,344.029139
11355,344.029047
11356,344.026967
11357,344.023032
11358,344.017416
11359,344.010332
11360,344.002036
11361,343.992812
11362,343.982923
11363,343.972595
11364,343.962017
11365,343.951338
11366,343.940679
11367,343.93013
11368,343.919759
11369,343.909607
11370,343.899698
11371,343.890029
11372,343.880576
11373,343.871287
11374,343.862078
11375,343.852823
11376,343.843348
11377,343.833414
11378,343.822849
11379,343.811525
11380,343.799347
11381,343.786244
11382,343.772164
11383,343.757066
11384,343.740924
11385,343.723715
11386,343.705426
11387,343.686048
11388,343.66558
11389,343.644023
11390,343.62139
11391,343.597699
11392,343.51436
11393,343.536737
11394,343.559333
11395,343.582145
11396,343.605164
11397,343.62837
11398,343.651737
11399,343.675227
11400,343.698791
11401,343.722366
11402,343.745874
11403,343.769216
11404,343.792275
11405,343.814905
11406,343.836936
11407,343.85817
11408,343.878386
11409,343.897357
11410,343.914874
11411,343.930757
11412,343.944861
11413,343.957077
11414,343.967326
11415,343.97556
11416,343.98176
11417,343.985933
11418,343.988117
11419,343.988375
11420,343.986802
11421,343.983522
11422,343.978694
11423,343.97251
11424,343.965188
11425,343.956967
11426,343.948072
11427,343.938706
11428,343.929043
11429,343.919226
11430,343.90937
11431,343.899565
11432,343.889879
11433,343.880356
11434,343.871021
11435,343.861875
11436,343.852898
11437,343.844044
11438,343.835237
11439,343.82636
11440,343.817252
11441,343.807689
11442,343.797508
11443,343.786592
11444,343.774851
11445,343.76222
11446,343.748647
11447,343.734097
11448,343.718541
11449,343.701962
11450,343.684346
11451,343.665685
11452,343.645979
11453,343.625232
11454,343.603454
11455,343.580666
11456,343.497435
11457,343.518849
11458,343.540461
11459,343.562265
11460,343.58425
11461,343.606395
11462,343.628669
11463,343.651035
11464,343.673439
11465,343.695819
11466,343.718096
11467,343.740173
11468,343.761936
11469,343.78325
11470,343.803958
11471,343.823885
11472,343.842841
11473,343.860634
11474,343.877082
11475,343.892029
11476,343.905342
11477,343.916922
11478,343.926693
11479,343.934611
11480,343.940658
11481,343.944839
11482,343.94719
11483,343.94777
11484,343.946666
11485,343.943993
11486,343.939894
11487,343.934537
11488,343.928113
11489,343.920821
11490,343.912856
11491,343.904398
11492,343.895604
11493,343.886608
11494,343.87752
11495,343.868426
11496,343.859393
11497,343.850465
11498,343.841669
11499,343.833009
11500,343.824468
11501,343.816004
11502,343.807549
11503,343.798999
11504,343.790205
11505,343.780962
11506,343.771122
11507,343.760576
11508,343.749242
11509,343.737057
11510,343.723975
11511,343.709961
11512,343.694988
11513,343.67904
11514,343.662105
11515,343.644177
11516,343.625257
11517,343.605349
11518,343.584466
11519,343.562628
11520,343.480284
11521,343.500726
11522,343.521346
11523,343.542139
11524,343.56309
11525,343.584176
11526,343.605365
11527,343.626616
11528,343.647877
11529,343.669081
11530,343.690153
11531,343.710998
11532,343.731508
11533,343.751556
11534,343.771003
11535,343.78969
11536,343.807455
11537,343.824131
11538,343.839565
11539,343.853616
11540,343.866169
11541,343.877131
11542,343.886435
11543,343.894038
11544,343.899922
11545,343.904094
11546,343.906586
11547,343.907451
11548,343.90677
11549,343.904647
11550,343.901208
11551,343.896602
11552,343.890991
11553,343.884546
11554,343.877437
11555,343.86982
11556,343.861837
11557,343.853612
11558,343.845245
11559,343.836821
11560,343.828403
11561,343.820034
11562,343.811741
11563,343.803529
11564,343.795384
11565,343.78727
11566,343.779122
11567,343.770848
11568,343.762317
11569,343.753348
11570,343.743809
11571,343.7336
11572,343.722646
11573,343.710887
11574,343.69828
11575,343.684792
11576,343.670398
11577,343.655082
11578,343.638835
11579,343.621654
11580,343.603538
11581,343.584497
11582,343.564542
11583,343.543697
11584,343.462934
11585,343.482395
11586,343.502021
11587,343.521803
11588,343.541725
11589,343.561761
11590,343.581878
11591,343.602033
11592,343.622172
11593,343.642231
11594,343.662134
11595,343.68179
11596,343.701097
11597,343.71994
11598,343.73819
11599,343.755709
11600,343.772354
11601,343.787983
11602,343.80246
11603,343.815664
11604,343.827492
11605,343.837861
11606,343.84671
11607,343.854001
11608,343.859715
11609,343.863861
11610,343.866464
11611,343.867576
11612,343.867268
11613,343.865632
11614,343.862781
11615,343.858844
11616,343.853961
11617,343.84828
11618,343.841947
11619,343.835099
11620,343.827864
11621,343.820351
11622,343.812656
11623,343.804856
11624,343.797011
11625,343.789163
11626,343.781337
11627,343.773538
11628,343.765756
11629,343.757954
11630,343.750077
11631,343.742039
11632,343.733726
11633,343.724993
11634,343.715725
11635,343.705829
11636,343.695234
11637,343.683885
11638,343.671741
11639,343.65877
11640,343.644951
11641,343.630268
11642,343.614715
11643,343.59829
11644,343.580995
11645,343.562842
11646,343.543844
11647,343.524024
11648,343.445406
11649,343.463883
11650,343.482514
11651,343.501289
11652,343.52019
11653,343.539191
11654,343.558255
11655,343.577339
11656,343.596387
11657,343.615336
11658,343.634112
11659,343.652629
11660,343.670791
11661,343.688492
11662,343.705614
11663,343.722037
11664,343.737634
11665,343.752282
11666,343.765862
11667,343.778268
11668,343.789411
11669,343.799215
11670,343.807625
11671,343.814608
11672,343.820146
11673,343.824246
11674,343.826933
11675,343.82825
11676,343.828263
11677,343.827053
11678,343.824718
11679,343.821371
11680,343.817134
11681,343.812134
11682,343.806497
11683,343.800345
11684,343.793789
11685,343.78693
11686,343.779853
11687,343.77263
11688,343.765316
11689,343.75795
11690,343.750557
11691,343.743141
11692,343.735692
11693,343.728179
11694,343.720548
11695,343.712726
11696,343.704615
11697,343.696102
11698,343.687087
11699,343.677489
11700,343.66724
11701,343.656291
11702,343.644601
11703,343.632142
11704,343.618894
11705,343.604844
11706,343.589988
11707,343.574325
11708,343.557863
11709,343.540612
11710,343.522591
11711,343.503822
11712,343.427719
11713,343.445207
11714,343.462846
11715,343.480622
11716,343.498517
11717,343.516501
11718,343.534536
11719,343.552578
11720,343.570571
11721,343.588452
11722,343.606149
11723,343.62358
11724,343.640656
11725,343.657279
11726,343.673344
11727,343.688742
11728,343.703361
11729,343.717093
11730,343.729835
11731,343.741494
11732,343.75199
11733,343.761257
11734,343.769247
11735,343.775927
11736,343.781283
11737,343.78532
11738,343.788061
11739,343.789544
11740,343.789827
11741,343.788982
11742,343.787094
11743,343.784262
11744,343.780592
11745,343.776193
11746,343.771175
11747,343.765646
11748,343.759703
11749,343.753437
11750,343.746925
11751,343.740231
11752,343.733406
11753,343.726488
11754,343.719497
11755,343.712439
11756,343.705303
11757,343.698062
11758,343.690668
11759,343.683059
11760,343.675152
11761,343.666859
11762,343.658097
11763,343.648791
11764,343.638884
11765,343.628328
11766,343.617088
11767,343.605136
11768,343.592456
11769,343.579037
11770,343.564878
11771,343.549982
11772,343.534357
11773,343.518019
11774,343.500986
11775,343.483285
11776,343.409883
11777,343.426381
11778,343.443032
11779,343.459821
11780,343.476727
11781,343.493718
11782,343.510754
11783,343.527788
11784,343.544765
11785,343.561622
11786,343.578291
11787,343.594693
11788,343.610744
11789,343.626355
11790,343.641429
11791,343.65587
11792,343.669578
11793,343.682457
11794,343.694419
11795,343.705379
11796,343.715267
11797,343.724026
11798,343.731611
11799,343.737995
11800,343.743164
11801,343.747122
11802,343.749889
11803,343.7515
11804,343.752005
11805,343.751467
11806,343.749961
11807,343.747573
11808,343.744395
11809,343.740522
11810,343.736052
11811,343.731076
11812,343.725682
11813,343.71995
11814,343.71395
11815,343.70774
11816,343.701365
11817,343.694861
11818,343.688245
11819,343.681523
11820,343.674687
11821,343.667711
11822,343.660555
11823,343.653164
11824,343.645474
11825,343.637411
11826,343.628906
11827,343.619898
11828,343.610333
11829,343.600169
11830,343.589375
11831,343.577928
11832,343.565812
11833,343.553022
11834,343.539557
11835,343.525425
11836,343.510639
11837,343.495215
11838,343.479178
11839,343.462551
11840,343.3919
11841,343.407409
11842,343.42308
11843,343.438898
11844,343.454837
11845,343.470862
11846,343.486931
11847,343.502996
11848,343.519
11849,343.534882
11850,343.550575
11851,343.566004
11852,343.581091
11853,343.595753
11854,343.609902
11855,343.623451
11856,343.636312
11857,343.6484
11858,343.659633
11859,343.669941
11860,343.679259
11861,343.687537
11862,343.694735
11863,343.700829
11864,343.705806
11865,343.70967
11866,343.712437
11867,343.71414
11868,343.714821
11869,343.714536
11870,343.713352
11871,343.711343
11872,343.708589
11873,343.705173
11874,343.70118
11875,343.696692
11876,343.691786
11877,343.686534
11878,343.680996
11879,343.675226
11880,343.669265
11881,343.663144
11882,343.65688
11883,343.650479
11884,343.643932
11885,343.637219
11886,343.630305
11887,343.623145
11888,343.615685
11889,343.607867
11890,343.599632
11891,343.590928
11892,343.58171
11893,343.571941
11894,343.561593
11895,343.550647
11896,343.539091
11897,343.526923
11898,343.514147
11899,343.500774
11900,343.48682
11901,343.472308
11902,343.457264
11903,343.441715
11904,343.373766
11905,343.388286
11906,343.40299
11907,343.417856
11908,343.432855
11909,343.447947
11910,343.463087
11911,343.478224
11912,343.493301
11913,343.508257
11914,343.523027
11915,343.53754
11916,343.551723
11917,343.565498
11918,343.578785
11919,343.591505
11920,343.603578
11921,343.614929
11922,343.625486
11923,343.635184
11924,343.643968
11925,343.651791
11926,343.658619
11927,343.664429
11928,343.66921
11929,343.672965
11930,343.67571
11931,343.67747
11932,343.678286
11933,343.678206
11934,343.677287
11935,343.675596
11936,343.673202
11937,343.670179
11938,343.666601
11939,343.662541
11940,343.658066
11941,343.65324
11942,343.648118
11943,343.642748
11944,343.637167
11945,343.631402
11946,343.62547
11947,343.619376
11948,343.613113
11949,343.606664
11950,343.6
11951,343.593084
11952,343.58587
11953,343.578311
11954,343.570359
11955,343.56197
11956,343.553106
11957,343.543735
11958,343.533833
11959,343.523385
11960,343.512384
11961,343.50083
11962,343.488732
11963,343.476105
11964,343.462972
11965,343.449361
11966,343.435303
11967,343.420829
11968,343.355463
11969,343.369
11970,343.382752
11971,343.396692
11972,343.410782
11973,343.424979
11974,343.439231
11975,343.453484
11976,343.467682
11977,343.481764
11978,343.495665
11979,343.509319
11980,343.522655
11981,343.535603
11982,343.548087
11983,343.560037
11984,343.57138
11985,343.582047
11986,343.591974
11987,343.601104
11988,343.609386
11989,343.616779
11990,343.623252
11991,343.628784
11992,343.633366
11993,343.637
11994,343.6397
11995,343.641488
11996,343.6424
11997,343.642478
11998,343.641774
11999,343.640346
12000,343.638254
12001,343.635565
12002,343.632344
12003,343.628655
12004,343.624558
12005,343.62011
12006,343.615361
12007,343.610354
12008,343.605121
12009,343.599689
12010,343.594071
12011,343.588274
12012,343.582291
12013,343.576109
12014,343.569703
12015,343.563042
12016,343.55609
12017,343.548807
12018,343.541152
12019,343.533089
12020,343.524586
12021,343.515616
12022,343.506161
12023,343.496207
12024,343.485752
12025,343.4748
12026,343.463365
12027,343.451467
12028,343.439136
12029,343.426407
12030,343.413319
12031,343.399912
12032,343.336959
12033,343.349521
12034,343.362345
12035,343.375393
12036,343.388615
12037,343.401958
12038,343.415368
12039,343.428786
12040,343.442155
12041,343.455414
12042,343.4685
12043,343.481349
12044,343.493896
12045,343.506073
12046,343.517812
12047,343.529047
12048,343.539712
12049,343.549744
12050,343.559086
12051,343.567685
12052,343.575497
12053,343.582483
12054,343.588616
12055,343.593876
12056,343.598257
12057,343.601758
12058,343.604392
12059,343.606181
12060,343.607153
12061,343.607349
12062,343.606813
12063,343.605596
12064,343.603754
12065,343.601345
12066,343.598427
12067,343.595057
12068,343.59129
12069,343.587176
12070,343.58276
12071,343.578081
12072,343.573169
12073,343.568046
12074,343.562728
12075,343.557218
12076,343.551513
12077,343.545601
12078,343.539462
12079,343.533069
12080,343.526393
12081,343.519399
12082,343.512055
12083,343.50433
12084,343.496195
12085,343.48763
12086,343.478619
12087,343.469153
12088,343.459233
12089,343.448868
12090,343.438074
12091,343.42688
12092,343.415322
12093,343.403446
12094,343.391306
12095,343.378951
12096,343.318203
12097,343.329807
12098,343.34174
12099,343.353939
12100,343.366341
12101,343.378882
12102,343.391499
12103,343.404133
12104,343.416724
12105,343.429212
12106,343.441536
12107,343.453635
12108,343.465447
12109,343.476908
12110,343.487956
12111,343.498528
12112,343.508565
12113,343.518008
12114,343.526806
12115,343.53491
12116,343.54228
12117,343.548881
12118,343.554687
12119,343.559683
12120,343.563859
12121,343.567217
12122,343.569768
12123,343.57153
12124,343.572531
12125,343.572806
12126,343.572395
12127,343.571344
12128,343.569703
12129,343.567525
12130,343.564861
12131,343.561763
12132,343.55828
12133,343.554459
12134,343.550339
12135,343.545957
12136,343.541339
12137,343.536507
12138,343.531474
12139,343.526244
12140,343.520815
12141,343.515176
12142,343.509312
12143,343.503199
12144,343.496811
12145,343.490121
12146,343.4831
12147,343.475721
12148,343.467962
12149,343.459804
12150,343.451235
12151,343.442249
12152,343.432851
12153,343.423051
12154,343.412872
12155,343.402347
12156,343.391522
12157,343.380457
12158,343.369222
12159,343.357895
12160,343.299109
12161,343.309794
12162,343.320894
12163,343.332309
12164,343.34395
12165,343.355744
12166,343.367623
12167,343.379525
12168,343.39139
12169,343.403159
12170,343.414774
12171,343.426176
12172,343.437305
12173,343.448103
12174,343.45851
12175,343.468469
12176,343.477923
12177,343.486821
12178,343.495113
12179,343.502755
12180,343.50971
12181,343.515946
12182,343.52144
12183,343.526175
12184,343.530145
12185,343.533351
12186,343.535801
12187,343.537514
12188,343.538514
12189,343.538833
12190,343.538507
12191,343.53758
12192,343.536096
12193,343.534102
12194,343.531646
12195,343.528776
12196,343.525537
12197,343.521971
12198,343.518114
12199,343.513999
12200,343.509652
12201,343.505092
12202,343.500332
12203,343.495375
12204,343.49022
12205,343.484859
12206,343.479276
12207,343.473453
12208,343.467366
12209,343.460991
12210,343.454304
12211,343.447281
12212,343.439903
12213,343.432153
12214,343.424022
12215,343.415508
12216,343.406614
12217,343.397356
12218,343.387759
12219,343.37786
12220,343.367715
12221,343.357394
12222,343.346998
12223,343.336649
12224,343.279536
12225,343.289398
12226,343.299765
12227,343.310478
12228,343.32143
12229,343.33254
12230,343.343738
12231,343.354962
12232,343.366153
12233,343.377254
12234,343.38821
12235,343.398965
12236,343.409462
12237,343.419645
12238,343.42946
12239,343.438852
12240,343.447769
12241,343.456161
12242,343.463984
12243,343.471195
12244,343.477761
12245,343.483651
12246,343.488843
12247,343.493324
12248,343.497086
12249,343.50013
12250,343.502465
12251,343.504107
12252,343.505078
12253,343.505409
12254,343.505133
12255,343.504289
12256,343.50292
12257,343.501069
12258,343.49878
12259,343.496097
12260,343.493063
12261,343.489716
12262,343.48609
12263,343.482217
12264,343.478118
12265,343.473814
12266,343.469314
12267,343.464625
12268,343.459743
12269,343.454662
12270,343.449368
12271,343.443843
12272,343.438068
12273,343.43202
12274,343.425677
12275,343.419018
12276,343.412025
12277,343.404684
12278,343.396987
12279,343.388932
12280,343.380526
12281,343.371782
12282,343.362729
12283,343.353406
12284,343.34387
12285,343.334204
12286,343.32453
12287,343.315039
12288,343.12702
12289,343.166636
12290,343.368234
12291,342.924815
12292,343.116457
12293,343.153998
12294,343.355918
12295,342.914724
12296,342.496748
12297,342.533357
12298,342.730264
12299,342.300022
