0,332.805501
1,332.800589
2,332.795173
3,332.790353
4,332.786309
5,332.782988
6,332.780287
7,332.77811
8,332.776372
9,332.775002
10,332.773936
11,332.773115
12,332.772487
13,332.771998
14,332.771596
15,332.77123
16,332.770852
17,332.770414
18,332.769877
19,332.769205
20,332.768374
21,332.767367
22,332.766178
23,332.764809
24,332.763273
25,332.761591
26,332.759796
27,332.757927
28,332.756033
29,332.754168
30,332.752395
31,332.750776
32,332.749372
33,332.748241
34,332.747426
35,332.746939
36,332.746715
37,332.746526
38,332.745992
39,332.744921
40,332.743238
41,332.740894
42,332.737853
43,332.734087
44,332.729583
45,332.724332
46,332.718332
47,332.711587
48,332.704107
49,332.695915
50,332.687046
51,332.677549
52,332.667493
53,332.65699
54,332.646298
55,332.63579
56,332.625699
57,332.61612
58,332.607089
59,332.598626
60,332.590761
61,332.583582
62,332.577356
63,332.572923
64,332.818823
65,332.814084
66,332.808786
67,332.80403
68,332.800021
69,332.796719
70,332.794036
71,332.791878
72,332.790166
73,332.788829
74,332.787805
75,332.787036
76,332.786466
77,332.786043
78,332.785712
79,332.785418
80,332.785107
81,332.78473
82,332.78424
83,332.7836
84,332.782784
85,332.781774
86,332.780563
87,332.779153
88,332.77756
89,332.775806
90,332.773926
91,332.771962
92,332.769969
93,332.768008
94,332.766151
95,332.764475
96,332.763067
97,332.762026
98,332.761475
99,332.761548
100,332.762292
101,332.763329
102,332.763591
103,332.762929
104,332.761439
105,332.759162
106,332.756102
107,332.752249
108,332.747596
109,332.742139
110,332.735878
111,332.728813
112,332.720951
113,332.712303
114,332.702887
115,332.69271
116,332.681733
117,332.669893
118,332.657586
119,332.645729
120,332.634661
121,332.624378
122,332.614806
123,332.605898
124,332.59765
125,332.590132
126,332.583607
127,332.578945
128,332.8354
129,332.830986
130,332.825977
131,332.821432
132,332.817576
133,332.814393
134,332.81181
135,332.809748
136,332.808133
137,332.8069
138,332.805991
139,332.805349
140,332.80492
141,332.80465
142,332.80448
143,332.80435
144,332.804196
145,332.80396
146,332.803588
147,332.803038
148,332.802278
149,332.80129
150,332.800067
151,332.798613
152,332.796945
153,332.795088
154,332.793081
155,332.790973
156,332.788825
157,332.786713
158,332.784724
159,332.782968
160,332.781588
161,332.780802
162,332.780981
163,332.782744
164,332.786786
165,332.792527
166,332.79526
167,332.795649
168,332.794634
169,332.792569
170,332.789554
171,332.785621
172,332.78078
173,332.775038
174,332.768394
175,332.760845
176,332.752385
177,332.743008
178,332.732693
179,332.72134
180,332.708517
181,332.69312
182,332.675864
183,332.660379
184,332.647118
185,332.635501
186,332.625032
187,332.615444
188,332.606636
189,332.598634
190,332.591694
191,332.586725
192,332.85237
193,332.848365
194,332.843772
195,332.839568
196,332.835984
197,332.833026
198,332.83064
199,332.82876
200,332.827326
201,332.826279
202,332.825568
203,332.825143
204,332.824951
205,332.824937
206,332.825042
207,332.825194
208,332.825317
209,332.825329
210,332.825165
211,332.824776
212,332.824128
213,332.823201
214,332.821988
215,332.820498
216,332.818747
217,332.816767
218,332.8146
219,332.812303
220,332.809948
221,332.807625
222,332.805448
223,332.803576
224,332.802257
225,332.801969
226,332.80374
227,332.809812
228,332.824128
229,332.848181
230,332.857295
231,332.859533
232,332.859301
233,332.857624
234,332.85475
235,332.850762
236,332.845704
237,332.839594
238,332.832437
239,332.824221
240,332.814921
241,332.804506
242,332.792927
243,332.779971
244,332.764289
245,332.739173
246,332.705119
247,332.679726
248,332.661771
249,332.64789
250,332.636149
251,332.625701
252,332.616224
253,332.607664
254,332.600253
255,332.594947
256,332.869001
257,332.865452
258,332.861355
259,332.857588
260,332.854375
261,332.851736
262,332.849635
263,332.848023
264,332.846852
265,332.846076
266,332.845653
267,332.845541
268,332.845696
269,332.846071
270,332.846604
271,332.847214
272,332.847792
273,332.848206
274,332.848373
275,332.848238
276,332.84777
277,332.84695
278,332.845776
279,332.844258
280,332.842419
281,332.840293
282,332.83793
283,332.835393
284,332.832763
285,332.830147
286,332.827687
287,332.825602
288,332.824307
289,332.82476
290,332.82942
291,332.845103
292,332.889397
293,332.992373
294,333.01288
295,333.01608
296,333.016764
297,333.01572
298,333.013118
299,333.009083
300,333.003701
301,332.99702
302,332.989048
303,332.979755
304,332.969086
305,332.95698
306,332.943457
307,332.928814
308,332.912755
309,332.859514
310,332.759311
311,332.706299
312,332.678575
313,332.661028
314,332.647599
315,332.63614
316,332.625922
317,332.61676
318,332.608853
319,332.603196
320,332.88518
321,332.882111
322,332.878561
323,332.8753
324,332.872532
325,332.870289
326,332.86855
327,332.867283
328,332.866453
329,332.86603
330,332.865986
331,332.866296
332,332.866935
333,332.867877
334,332.869087
335,332.870483
336,332.871873
337,332.872958
338,332.873636
339,332.873878
340,332.873673
341,332.873016
342,332.871911
343,332.870376
344,332.86844
345,332.866142
346,332.863536
347,332.86069
348,332.857694
349,332.854659
350,332.851741
351,332.849196
352,332.847625
353,332.848691
354,332.856971
355,332.887823
356,332.998154
357,333.033975
358,333.039941
359,333.042526
360,333.04331
361,333.042347
362,333.039779
363,333.035737
364,333.030315
365,333.023562
366,333.015488
367,333.006061
368,332.995221
369,332.9829
370,332.969118
371,332.954291
372,332.940212
373,332.921175
374,332.85823
375,332.740467
376,332.696763
377,332.674426
378,332.659068
379,332.646526
380,332.635536
381,332.625754
382,332.617341
383,332.611331
384,332.900959
385,332.898382
386,332.895412
387,332.892703
388,332.890438
389,332.888652
390,332.88734
391,332.886483
392,332.886066
393,332.886075
394,332.886504
395,332.887357
396,332.888658
397,332.890459
398,332.892842
399,332.895815
400,332.898983
401,332.901308
402,332.902795
403,332.903585
404,332.903749
405,332.903319
406,332.902318
407,332.900775
408,332.898727
409,332.896219
410,332.893308
411,332.890064
412,332.88657
413,332.882924
414,332.879227
415,332.875625
416,332.872722
417,332.873185
418,332.882484
419,332.917209
420,333.03228
421,333.054322
422,333.059868
423,333.062823
424,333.063939
425,333.063169
426,333.06067
427,333.056595
428,333.051052
429,333.044102
430,333.035751
431,333.025964
432,333.014665
433,333.001764
434,332.98726
435,332.971585
436,332.956816
437,332.940195
438,332.895473
439,332.763226
440,332.712582
441,332.687183
442,332.670249
443,332.656701
444,332.644957
445,332.634562
446,332.625648
447,332.619288
448,332.916423
449,332.914347
450,332.911978
451,332.909855
452,332.908135
453,332.906855
454,332.906021
455,332.905631
456,332.905687
457,332.9062
458,332.907197
459,332.908735
460,332.910951
461,332.91414
462,332.918849
463,332.925692
464,332.933968
465,332.93887
466,332.941665
467,332.943238
468,332.943908
469,332.943785
470,332.942926
471,332.94138
472,332.939194
473,332.936419
474,332.933112
475,332.929336
476,332.925158
477,332.920615
478,332.915591
479,332.909541
480,332.9019
481,332.899114
482,332.907079
483,332.941558
484,333.054325
485,333.075369
486,333.081194
487,333.084516
488,333.085918
489,333.085304
490,333.082836
491,333.078684
492,333.072971
493,333.065761
494,333.057063
495,333.04683
496,333.034975
497,333.021387
498,333.006046
499,332.989404
500,332.973715
501,332.956718
502,332.913381
503,332.779476
504,332.726289
505,332.699124
506,332.680994
507,332.666563
508,332.654113
509,332.643129
510,332.633728
511,332.627028
512,332.931663
513,332.930093
514,332.92834
515,332.926827
516,332.925681
517,332.924943
518,332.924627
519,332.924748
520,332.925329
521,332.926409
522,332.928061
523,332.930446
524,332.933945
525,332.939503
526,332.94928
527,332.967062
528,332.993908
529,333.004029
530,333.008727
531,333.011374
532,333.012744
533,333.013049
534,333.012386
535,333.01083
536,333.008447
537,333.005294
538,333.001424
539,332.996885
540,332.991719
541,332.985882
542,332.978831
543,332.967615
544,332.941915
545,332.928696
546,332.932163
547,332.964824
548,333.076318
549,333.097285
550,333.103302
551,333.106837
552,333.108396
553,333.107842
554,333.105334
555,333.101049
556,333.095115
557,333.0876
558,333.07851
559,333.067793
560,333.055346
561,333.041045
562,333.024863
563,333.007281
564,332.990718
565,332.973103
566,332.929365
567,332.793499
568,332.738726
569,332.710333
570,332.691248
571,332.676046
572,332.662949
573,332.651411
574,332.641548
575,332.634522
576,332.946762
577,332.945701
578,332.944574
579,332.943688
580,332.94314
581,332.942968
582,332.943199
583,332.943863
584,332.945004
585,332.946697
586,332.949079
587,332.952465
588,332.957691
589,332.967146
590,332.98763
591,333.03659
592,333.143158
593,333.157266
594,333.163378
595,333.167455
596,333.169921
597,333.170906
598,333.170543
599,333.168948
600,333.166215
601,333.162409
602,333.157572
603,333.151729
604,333.144908
605,333.137159
606,333.128299
607,333.11285
608,333.009119
609,332.965391
610,332.95855
611,332.987618
612,333.0974
613,333.118263
614,333.124291
615,333.127846
616,333.129394
617,333.128776
618,333.12614
619,333.121661
620,333.115469
621,333.107628
622,333.098143
623,333.086954
624,333.07395
625,333.058997
626,333.042069
627,333.02368
628,333.006389
629,332.988245
630,332.944037
631,332.806245
632,332.750215
633,332.720856
634,332.700978
635,332.685104
636,332.671423
637,332.659375
638,332.649078
639,332.641744
640,332.9618
641,332.961251
642,332.960758
643,332.96051
644,332.960574
645,332.960986
646,332.961781
647,332.963006
648,332.964727
649,332.967055
650,332.970199
651,332.974659
652,332.981859
653,332.996373
654,333.033948
655,333.152019
656,333.198903
657,333.205578
658,333.211531
659,333.21594
660,333.218669
661,333.219812
662,333.219514
663,333.217903
664,333.21508
665,333.211112
666,333.206038
667,333.199875
668,333.192642
669,333.184428
670,333.175601
671,333.167293
672,333.121246
673,333.009283
674,332.985583
675,333.009652
676,333.117123
677,333.137816
678,333.143699
679,333.147104
680,333.148489
681,333.147688
682,333.144838
683,333.140108
684,333.133624
685,333.125448
686,333.115577
687,333.103948
688,333.090442
689,333.074923
690,333.057365
691,333.038316
692,333.020445
693,333.001883
694,332.957289
695,332.817883
696,332.760837
697,332.730694
698,332.710155
699,332.693701
700,332.679504
701,332.666993
702,332.656296
703,332.648674
704,332.976853
705,332.97682
706,332.976967
707,332.977365
708,332.978049
709,332.979053
710,332.98042
711,332.98221
712,332.984512
713,332.987469
714,332.991351
715,332.996791
716,333.005567
717,333.023256
718,333.068317
719,333.203312
720,333.220838
721,333.227437
722,333.23388
723,333.238705
724,333.24171
725,333.243007
726,333.242761
727,333.241115
728,333.238178
729,333.234018
730,333.22867
731,333.222141
732,333.214431
733,333.205618
734,333.196139
735,333.187776
736,333.170407
737,333.040779
738,333.009371
739,333.030056
740,333.135323
741,333.155825
742,333.161444
743,333.164566
744,333.16566
745,333.16457
746,333.161429
747,333.156397
748,333.149594
749,333.141076
750,333.130836
751,333.118805
752,333.10486
753,333.088863
754,333.070792
755,333.051219
756,333.032897
757,333.014015
758,332.969123
759,332.828455
760,332.77061
761,332.739841
762,332.71876
763,332.701816
764,332.687169
765,332.674247
766,332.663186
767,332.655297
768,332.992
769,332.992488
770,332.993279
771,332.994328
772,332.995637
773,332.997234
774,332.999169
775,333.001516
776,333.004382
777,333.007938
778,333.012495
779,333.018762
780,333.028649
781,333.047911
782,333.094711
783,333.227075
784,333.243134
785,333.250418
786,333.257549
787,333.26289
788,333.266226
789,333.267695
790,333.267484
791,333.265755
792,333.262624
793,333.258163
794,333.252401
795,333.245332
796,333.236937
797,333.227278
798,333.216817
799,333.207551
800,333.19153
801,333.063544
802,333.029942
803,333.048637
804,333.151942
805,333.172248
806,333.177515
807,333.18025
808,333.180949
809,333.179484
810,333.175985
811,333.170606
812,333.163461
813,333.154599
814,333.14401
815,333.131619
816,333.1173
817,333.100912
818,333.082439
819,333.062467
820,333.043809
821,333.024693
822,332.979582
823,332.837983
824,332.77954
825,332.74829
826,332.726779
827,332.709433
828,332.694406
829,332.681125
830,332.669737
831,332.661603
832,333.007325
833,333.008337
834,333.009779
835,333.011482
836,333.013414
837,333.0156
838,333.018092
839,333.020976
840,333.024376
841,333.028481
842,333.033635
843,333.040584
844,333.051293
845,333.07155
846,333.119384
847,333.252282
848,333.268404
849,333.276313
850,333.284081
851,333.289903
852,333.293539
853,333.295142
854,333.294918
855,333.293044
856,333.289645
857,333.284796
858,333.27852
859,333.270801
860,333.261606
861,333.250992
862,333.239466
863,333.229256
864,333.213098
865,333.083645
866,333.048418
867,333.065522
868,333.166944
869,333.187046
870,333.191895
871,333.194159
872,333.194377
873,333.19246
874,333.188546
875,333.182782
876,333.175276
877,333.166074
878,333.155157
879,333.14245
880,333.127822
881,333.111131
882,333.092361
883,333.07211
884,333.053224
885,333.033952
886,332.988697
887,332.84648
888,332.787631
889,332.75604
890,332.734207
891,332.716548
892,332.70121
893,332.687622
894,332.675947
895,332.667591
896,333.022918
897,333.024462
898,333.026559
899,333.028918
900,333.031471
901,333.034234
902,333.037266
903,333.040658
904,333.044548
905,333.049141
906,333.054801
907,333.0623
908,333.07363
909,333.094599
910,333.143254
911,333.277224
912,333.293447
913,333.301789
914,333.310002
915,333.316151
916,333.31997
917,333.321613
918,333.321299
919,333.319216
920,333.315497
921,333.310216
922,333.303396
923,333.29501
924,333.285022
925,333.273493
926,333.260985
927,333.249939
928,333.233588
929,333.101957
930,333.065147
931,333.080754
932,333.180273
933,333.200161
934,333.204533
935,333.206254
936,333.205913
937,333.203478
938,333.199096
939,333.192914
940,333.185033
941,333.175494
942,333.164276
943,333.151299
944,333.136429
945,333.119523
946,333.100564
947,333.080151
948,333.061144
949,333.041795
950,332.996469
951,332.853948
952,332.794882
953,332.76309
954,332.741048
955,332.723163
956,332.707583
957,332.693742
958,332.681819
959,332.673264
960,333.038879
961,333.040963
962,333.043723
963,333.04674
964,333.049909
965,333.053236
966,333.056782
967,333.060647
968,333.064975
969,333.069985
970,333.076054
971,333.083972
972,333.095745
973,333.117203
974,333.166428
975,333.301205
976,333.317496
977,333.326082
978,333.334532
979,333.34083
980,333.344685
981,333.346254
982,333.345761
983,333.343401
984,333.339312
985,333.333569
986,333.326191
987,333.317152
988,333.306409
989,333.294035
990,333.280646
991,333.268866
992,333.252337
993,333.118533
994,333.080188
995,333.094311
996,333.191849
997,333.211507
998,333.215346
999,333.216449
1000,333.215473
1001,333.212454
1002,333.207554
1003,333.200922
1004,333.192655
1005,333.182788
1006,333.171297
1007,333.158097
1008,333.143056
1009,333.126027
1010,333.106992
1011,333.086542
1012,333.067527
1013,333.048185
1014,333.002866
1015,332.860372
1016,332.801293
1017,332.769446
1018,332.747307
1019,332.729286
1020,332.713535
1021,332.699496
1022,332.687362
1023,332.678632
1024,333.055324
1025,333.057959
1026,333.061392
1027,333.065069
1028,333.068847
1029,333.072723
1030,333.076756
1031,333.08105
1032,333.085756
1033,333.091104
1034,333.09748
1035,333.105683
1036,333.117732
1037,333.139467
1038,333.188991
1039,333.324158
1040,333.340478
1041,333.34914
1042,333.357632
1043,333.363899
1044,333.367641
1045,333.369012
1046,333.368244
1047,333.365534
1048,333.361023
1049,333.354787
1050,333.346846
1051,333.337167
1052,333.32571
1053,333.312558
1054,333.298373
1055,333.285937
1056,333.269244
1057,333.133382
1058,333.093536
1059,333.106142
1060,333.201562
1061,333.22097
1062,333.224204
1063,333.224607
1064,333.222912
1065,333.21924
1066,333.213775
1067,333.206664
1068,333.198001
1069,333.187816
1070,333.176081
1071,333.162711
1072,333.147573
1073,333.130519
1074,333.111527
1075,333.091179
1076,333.072284
1077,333.053043
1078,333.007821
1079,332.865724
1080,332.806856
1081,332.775113
1082,332.752999
1083,332.734936
1084,332.719086
1085,332.704902
1086,332.692596
1087,332.683711
1088,333.072386
1089,333.075586
1090,333.079704
1091,333.084047
1092,333.088429
1093,333.092835
1094,333.097323
1095,333.101999
1096,333.10702
1097,333.112621
1098,333.119194
1099,333.127547
1100,333.139704
1101,333.161508
1102,333.211058
1103,333.346189
1104,333.362502
1105,333.371086
1106,333.379435
1107,333.385496
1108,333.38897
1109,333.390017
1110,333.388871
1111,333.385733
1112,333.380746
1113,333.373986
1114,333.365471
1115,333.355167
1116,333.343031
1117,333.329156
1118,333.314243
1119,333.301209
1120,333.284363
1121,333.146529
1122,333.105179
1123,333.11618
1124,333.209269
1125,333.228396
1126,333.230936
1127,333.230536
1128,333.228029
1129,333.223632
1130,333.217551
1131,333.209935
1132,333.20087
1133,333.19038
1134,333.178434
1135,333.164947
1136,333.149787
1137,333.132812
1138,333.113996
1139,333.093902
1140,333.075275
1141,333.056248
1142,333.011226
1143,332.869952
1144,332.811557
1145,332.780102
1146,332.758146
1147,332.740138
1148,332.724261
1149,332.709985
1150,332.697543
1151,332.688526
1152,333.09022
1153,333.094004
1154,333.098823
1155,333.10384
1156,333.108821
1157,333.11374
1158,333.118649
1159,333.123657
1160,333.128923
1161,333.134685
1162,333.141341
1163,333.149702
1164,333.161797
1165,333.183462
1166,333.232764
1167,333.367432
1168,333.383704
1169,333.39206
1170,333.400083
1171,333.405761
1172,333.408812
1173,333.409402
1174,333.40777
1175,333.404121
1176,333.398598
1177,333.391279
1178,333.382177
1179,333.371258
1180,333.358476
1181,333.343926
1182,333.328341
1183,333.314759
1184,333.297765
1185,333.157999
1186,333.115084
1187,333.124312
1188,333.214788
1189,333.233595
1190,333.235325
1191,333.234003
1192,333.230583
1193,333.225391
1194,333.218653
1195,333.210513
1196,333.201046
1197,333.190269
1198,333.178147
1199,333.164595
1200,333.14949
1201,333.132695
1202,333.114191
1203,333.09452
1204,333.076329
1205,333.057648
1206,333.012928
1207,332.872928
1208,332.815349
1209,332.784422
1210,332.76278
1211,332.744932
1212,332.7291
1213,332.714781
1214,332.702238
1215,332.693108
1216,333.10901
1217,333.113403
1218,333.118945
1219,333.124646
1220,333.130226
1221,333.135638
1222,333.140935
1223,333.146221
1224,333.151656
1225,333.157482
1226,333.164099
1227,333.17232
1228,333.184172
1229,333.205478
1230,333.25425
1231,333.388011
1232,333.404204
1233,333.412178
1234,333.419686
1235,333.424797
1236,333.427259
1237,333.427252
1238,333.425019
1239,333.420769
1240,333.414647
1241,333.406728
1242,333.397025
1243,333.385499
1244,333.3721
1245,333.356925
1246,333.340726
1247,333.326642
1248,333.309506
1249,333.167796
1250,333.123145
1251,333.130245
1252,333.217846
1253,333.23634
1254,333.237147
1255,333.234798
1256,333.230394
1257,333.224372
1258,333.216968
1259,333.208311
1260,333.198461
1261,333.187425
1262,333.175164
1263,333.161597
1264,333.146609
1265,333.130078
1266,333.112
1267,333.092903
1268,333.075312
1269,333.057064
1270,333.012526
1271,332.874214
1272,332.818074
1273,332.788059
1274,332.76694
1275,332.749368
1276,332.73365
1277,332.719336
1278,332.706722
1279,332.697494
1280,333.128975
1281,333.134005
1282,333.1403
1283,333.146703
1284,333.152882
1285,333.158773
1286,333.16442
1287,333.169927
1288,333.175454
1289,333.181239
1290,333.187684
1291,333.195604
1292,333.207018
1293,333.227728
1294,333.275654
1295,333.408021
1296,333.424097
1297,333.43152
1298,333.438306
1299,333.44265
1300,333.444346
1301,333.443588
1302,333.44063
1303,333.435683
1304,333.42889
1305,333.420328
1306,333.410008
1307,333.397884
1308,333.383903
1309,333.368157
1310,333.351411
1311,333.336884
1312,333.319609
1313,333.175876
1314,333.129029
1315,333.132822
1316,333.216999
1317,333.236356
1318,333.236351
1319,333.233035
1320,333.227737
1321,333.220985
1322,333.213012
1323,333.203924
1324,333.193765
1325,333.182529
1326,333.170175
1327,333.156625
1328,333.141775
1329,333.125523
1330,333.107885
1331,333.089383
1332,333.072408
1333,333.054186
1334,333.006881
1335,332.872002
1336,332.819244
1337,332.79096
1338,332.770676
1339,332.75351
1340,332.737975
1341,332.723703
1342,332.711042
1343,332.70173
1344,333.150375
1345,333.156081
1346,333.163164
1347,333.170294
1348,333.177077
1349,333.183433
1350,333.189396
1351,333.195065
1352,333.200597
1353,333.20623
1354,333.212361
1355,333.219801
1356,333.23056
1357,333.250401
1358,333.297122
1359,333.427527
1360,333.443438
1361,333.450118
1362,333.45595
1363,333.459306
1364,333.460037
1365,333.458363
1366,333.454544
1367,333.448792
1368,333.441254
1369,333.432002
1370,333.421046
1371,333.408337
1372,333.393817
1373,333.377569
1374,333.360363
1375,333.345471
1376,333.328063
1377,333.182177
1378,333.132036
1379,333.127566
1380,333.187287
1381,333.227657
1382,333.229197
1383,333.225325
1384,333.219385
1385,333.212114
1386,333.203744
1387,333.194365
1388,333.184001
1389,333.17264
1390,333.160237
1391,333.146718
1392,333.131988
1393,333.115961
1394,333.098665
1395,333.080571
1396,333.063527
1397,333.037416
1398,332.958322
1399,332.860146
1400,332.817989
1401,332.793103
1402,332.774078
1403,332.757449
1404,332.742146
1405,332.727945
1406,332.715252
1407,332.705866
1408,333.173523
1409,333.17995
1410,333.18787
1411,333.195757
1412,333.203159
1413,333.209969
1414,333.216213
1415,333.221983
1416,333.227431
1417,333.232789
1418,333.23845
1419,333.245212
1420,333.255066
1421,333.273716
1422,333.318792
1423,333.446536
1424,333.462227
1425,333.467937
1426,333.472548
1427,333.474665
1428,333.474216
1429,333.471445
1430,333.466619
1431,333.45995
1432,333.451583
1433,333.441592
1434,333.429983
1435,333.416705
1436,333.401697
1437,333.385036
1438,333.367485
1439,333.35234
1440,333.33482
1441,333.186932
1442,333.132871
1443,333.116002
1444,333.128417
1445,333.181792
1446,333.19423
1447,333.190543
1448,333.184069
1449,333.176337
1450,333.167617
1451,333.157982
1452,333.147443
1453,333.135979
1454,333.123544
1455,333.110066
1456,333.095458
1457,333.079643
1458,333.062631
1459,333.04461
1460,333.02426
1461,332.968245
1462,332.891104
1463,332.844401
1464,332.815822
1465,332.79497
1466,332.777354
1467,332.761304
1468,332.746252
1469,332.73213
1470,332.719414
1471,332.709956
1472,333.198794
1473,333.206001
1474,333.214816
1475,333.223505
1476,333.231544
1477,333.238803
1478,333.245294
1479,333.251103
1480,333.256372
1481,333.261325
1482,333.266343
1483,333.272204
1484,333.280858
1485,333.297917
1486,333.340769
1487,333.464935
1488,333.480332
1489,333.484807
1490,333.487897
1491,333.488505
1492,333.486649
1493,333.482595
1494,333.476612
1495,333.468913
1496,333.459637
1497,333.448857
1498,333.436579
1499,333.422754
1500,333.407322
1501,333.390356
1502,333.372611
1503,333.357361
1504,333.339781
1505,333.190625
1506,333.133963
1507,333.109836
1508,333.101552
1509,333.103906
1510,333.100441
1511,333.092829
1512,333.083831
1513,333.074188
1514,333.064031
1515,333.053349
1516,333.042099
1517,333.030228
1518,333.017683
1519,333.004402
1520,332.990322
1521,332.975381
1522,332.9595
1523,332.942429
1524,332.922809
1525,332.894984
1526,332.862726
1527,332.836391
1528,332.815327
1529,332.797247
1530,332.780752
1531,332.765207
1532,332.750382
1533,332.736331
1534,332.723587
1535,332.714058
1536,333.226643
1537,333.2347
1538,333.244484
1539,333.25403
1540,333.262737
1541,333.270445
1542,333.277154
1543,333.282937
1544,333.287928
1545,333.292337
1546,333.296524
1547,333.301228
1548,333.308321
1549,333.323246
1550,333.363013
1551,333.482261
1552,333.497271
1553,333.500224
1554,333.501501
1555,333.500354
1556,333.496895
1557,333.491404
1558,333.484147
1559,333.475327
1560,333.465082
1561,333.453481
1562,333.440533
1563,333.426193
1564,333.410408
1565,333.393262
1566,333.375498
1567,333.360332
1568,333.342743
1569,333.193193
1570,333.135519
1571,333.108342
1572,333.092865
1573,333.082638
1574,333.072778
1575,333.062454
1576,333.051879
1577,333.041124
1578,333.030143
1579,333.018862
1580,333.007208
1581,332.995116
1582,332.982526
1583,332.969384
1584,332.955641
1585,332.941251
1586,332.926157
1587,332.910229
1588,332.893049
1589,332.873747
1590,332.853387
1591,332.834249
1592,332.816636
1593,332.800147
1594,332.784421
1595,332.769262
1596,332.754619
1597,332.740619
1598,332.727836
1599,332.718228
1600,333.257621
1601,333.266615
1602,333.27746
1603,333.287934
1604,333.297349
1605,333.305515
1606,333.312414
1607,333.318108
1608,333.322718
1609,333.326435
1610,333.329586
1611,333.332842
1612,333.337912
1613,333.349859
1614,333.38493
1615,333.496836
1616,333.511456
1617,333.512729
1618,333.512081
1619,333.509124
1620,333.504043
1621,333.497118
1622,333.488603
1623,333.478691
1624,333.467513
1625,333.455136
1626,333.441569
1627,333.426781
1628,333.41073
1629,333.393519
1630,333.375894
1631,333.360985
1632,333.343053
1633,333.193658
1634,333.136757
1635,333.109026
1636,333.091359
1637,333.077661
1638,333.065363
1639,333.05358
1640,333.042027
1641,333.030547
1642,333.019019
1643,333.007337
1644,332.995415
1645,332.983182
1646,332.970578
1647,332.957554
1648,332.944069
1649,332.93009
1650,332.915592
1651,332.900541
1652,332.88486
1653,332.868482
1654,332.851759
1655,332.835277
1656,332.819248
1657,332.803653
1658,332.788432
1659,332.773553
1660,332.759039
1661,332.74506
1662,332.73222
1663,332.722525
1664,333.292398
1665,333.302436
1666,333.314455
1667,333.325946
1668,333.336125
1669,333.344765
1670,333.351832
1671,333.357375
1672,333.361497
1673,333.364367
1674,333.366265
1675,333.367747
1676,333.370195
1677,333.377722
1678,333.40409
1679,333.499339
1680,333.520623
1681,333.52034
1682,333.517899
1683,333.513295
1684,333.506759
1685,333.49856
1686,333.488938
1687,333.478072
1688,333.466086
1689,333.453044
1690,333.43896
1691,333.423808
1692,333.407569
1693,333.390365
1694,333.372944
1695,333.358237
1696,333.329312
1697,333.187916
1698,333.136364
1699,333.110309
1700,333.09249
1701,333.077835
1702,333.064579
1703,333.052028
1704,333.039864
1705,333.027897
1706,333.015985
1707,333.004019
1708,332.991911
1709,332.979588
1710,332.966991
1711,332.954075
1712,332.940803
1713,332.92715
1714,332.913106
1715,332.898671
1716,332.883854
1717,332.868701
1718,332.853355
1719,332.838011
1720,332.822784
1721,332.807719
1722,332.792833
1723,332.778143
1724,332.763708
1725,332.749718
1726,332.736801
1727,332.727005
1728,333.3318
1729,333.343011
1730,333.356344
1731,333.368962
1732,333.379975
1733,333.389118
1734,333.396336
1735,333.401664
1736,333.405189
1737,333.407053
1738,333.40748
1739,333.406871
1740,333.406084
1741,333.407251
1742,333.415867
1743,333.444351
1744,333.503275
1745,333.504934
1746,333.501817
1747,333.496485
1748,333.489299
1749,333.480533
1750,333.470418
1751,333.45913
1752,333.446789
1753,333.433456
1754,333.419147
1755,333.403837
1756,333.387507
1757,333.370266
1758,333.352604
1759,333.332865
1760,333.227702
1761,333.166497
1762,333.133225
1763,333.1116
1764,333.0947
1765,333.07994
1766,333.066307
1767,333.053345
1768,333.040801
1769,333.028505
1770,333.016327
1771,333.004164
1772,332.991931
1773,332.979558
1774,332.966989
1775,332.954177
1776,332.94109
1777,332.927705
1778,332.914014
1779,332.900022
1780,332.885751
1781,332.871243
1782,332.856571
1783,332.841821
1784,332.827059
1785,332.812329
1786,332.797662
1787,332.783091
1788,332.768688
1789,332.754654
1790,332.741637
1791,332.731727
1792,333.376861
1793,333.389401
1794,333.404217
1795,333.418097
1796,333.430034
1797,333.439719
1798,333.447077
1799,333.452128
1800,333.454944
1801,333.455638
1802,333.454387
1803,333.451465
1804,333.447362
1805,333.443025
1806,333.440276
1807,333.441772
1808,333.447113
1809,333.441231
1810,333.431433
1811,333.419802
1812,333.406974
1813,333.393253
1814,333.378841
1815,333.363876
1816,333.348446
1817,333.332591
1818,333.31632
1819,333.299607
1820,333.282409
1821,333.264628
1822,333.245819
1823,333.223391
1824,333.185705
1825,333.155
1826,333.132065
1827,333.113664
1828,333.097665
1829,333.083029
1830,333.069255
1831,333.05607
1832,333.043292
1833,333.030783
1834,333.018432
1835,333.006144
1836,332.99384
1837,332.981455
1838,332.968933
1839,332.95623
1840,332.943312
1841,332.930155
1842,332.916749
1843,332.903094
1844,332.889205
1845,332.87511
1846,332.860848
1847,332.846464
1848,332.832
1849,332.81749
1850,332.802963
1851,332.788455
1852,332.774041
1853,332.759931
1854,332.746789
1855,332.73675
1856,333.428929
1857,333.442989
1858,333.45949
1859,333.474798
1860,333.487768
1861,333.498046
1862,333.505538
1863,333.51025
1864,333.512235
1865,333.511585
1866,333.508435
1867,333.502985
1868,333.495535
1869,333.486553
1870,333.476711
1871,333.466689
1872,333.456171
1873,333.442617
1874,333.427182
1875,333.410685
1876,333.393565
1877,333.376087
1878,333.358423
1879,333.340682
1880,333.322923
1881,333.305166
1882,333.287402
1883,333.269598
1884,333.251704
1885,333.233628
1886,333.215117
1887,333.195384
1888,333.172972
1889,333.152017
1890,333.133434
1891,333.116719
1892,333.101298
1893,333.086795
1894,333.072975
1895,333.059673
1896,333.04676
1897,333.034126
1898,333.021675
1899,333.009325
1900,332.997001
1901,332.984641
1902,332.972191
1903,332.959606
1904,332.946852
1905,332.933901
1906,332.920738
1907,332.907357
1908,332.893761
1909,332.879965
1910,332.865988
1911,332.851857
1912,332.837597
1913,332.823232
1914,332.808785
1915,332.794292
1916,332.779829
1917,332.765613
1918,332.752322
1919,332.742137
1920,333.489926
1921,333.505735
1922,333.524167
1923,333.541099
1924,333.555234
1925,333.56617
1926,333.573796
1927,333.578103
1928,333.579125
1929,333.576932
1930,333.571626
1931,333.563358
1932,333.552346
1933,333.538896
1934,333.523402
1935,333.506274
1936,333.487733
1937,333.467732
1938,333.446821
1939,333.425511
1940,333.404158
1941,333.38299
1942,333.36215
1943,333.341712
1944,333.321699
1945,333.302098
1946,333.282872
1947,333.263969
1948,333.245332
1949,333.22689
1950,333.208541
1951,333.190106
1952,333.171475
1953,333.153508
1954,333.136569
1955,333.120618
1956,333.105509
1957,333.091101
1958,333.077273
1959,333.063918
1960,333.050941
1961,333.038251
1962,333.025766
1963,333.013409
1964,333.001113
1965,332.988817
1966,332.976469
1967,332.964021
1968,332.951437
1969,332.938685
1970,332.925744
1971,332.9126
1972,332.899247
1973,332.885688
1974,332.871931
1975,332.857987
1976,332.84387
1977,332.829596
1978,332.815185
1979,332.800669
1980,332.786124
1981,332.771771
1982,332.758305
1983,332.747956
1984,333.563091
1985,333.580925
1986,333.601579
1987,333.620365
1988,333.635821
1989,333.647494
1990,333.655258
1991,333.659089
1992,333.659004
1993,333.655041
1994,333.647265
1995,333.635784
1996,333.620761
1997,333.602437
1998,333.581139
1999,333.557289
2000,333.531487
2001,333.504629
2002,333.477554
2003,333.450823
2004,333.424763
2005,333.399554
2006,333.375277
2007,333.351947
2008,333.329531
2009,333.307968
2010,333.287175
2011,333.267068
2012,333.247562
2013,333.228583
2014,333.210064
2015,333.19195
2016,333.174251
2017,333.157161
2018,333.140795
2019,333.125158
2020,333.1102
2021,333.095851
2022,333.082034
2023,333.068673
2024,333.055687
2025,333.042999
2026,333.030536
2027,333.018227
2028,333.006008
2029,332.99382
2030,332.981607
2031,332.969323
2032,332.956926
2033,332.94438
2034,332.931657
2035,332.918736
2036,332.905602
2037,332.892248
2038,332.878671
2039,332.864874
2040,332.850862
2041,332.836643
2042,332.822233
2043,332.80766
2044,332.793002
2045,332.778485
2046,332.764818
2047,332.754286
2048,333.655239
2049,333.67543
2050,333.698654
2051,333.719569
2052,333.736527
2053,333.74903
2054,333.75694
2055,333.760221
2056,333.758864
2057,333.752868
2058,333.742244
2059,333.727032
2060,333.707314
2061,333.683222
2062,333.654914
2063,333.622618
2064,333.587142
2065,333.551034
2066,333.515959
2067,333.482544
2068,333.450928
2069,333.421094
2070,333.39297
2071,333.366452
2072,333.341415
2073,333.317718
2074,333.295218
2075,333.273778
2076,333.253272
2077,333.233596
2078,333.214662
2079,333.196413
2080,333.178823
2081,333.161916
2082,333.145703
2083,333.130169
2084,333.115273
2085,333.100962
2086,333.087174
2087,333.07384
2088,333.060892
2089,333.04826
2090,333.035874
2091,333.023668
2092,333.011578
2093,332.999544
2094,332.987511
2095,332.975427
2096,332.963246
2097,332.950926
2098,332.938433
2099,332.925738
2100,332.912818
2101,332.899656
2102,332.886243
2103,332.87257
2104,332.858638
2105,332.844449
2106,332.830013
2107,332.815357
2108,332.800559
2109,332.785849
2110,332.771955
2111,332.761218
2112,333.783964
2113,333.806927
2114,333.833148
2115,333.856526
2116,333.875205
2117,333.888651
2118,333.896719
2119,333.899364
2120,333.896544
2121,333.8882
2122,333.874259
2123,333.854646
2124,333.829281
2125,333.798002
2126,333.760293
2127,333.714958
2128,333.66164
2129,333.609455
2130,333.56213
2131,333.519649
2132,333.481146
2133,333.4459
2134,333.413431
2135,333.38339
2136,333.355495
2137,333.32949
2138,333.305146
2139,333.282255
2140,333.260637
2141,333.240139
2142,333.220637
2143,333.202035
2144,333.184265
2145,333.167282
2146,333.151046
2147,333.135515
2148,333.120637
2149,333.106357
2150,333.092614
2151,333.079344
2152,333.066479
2153,333.053954
2154,333.0417
2155,333.029654
2156,333.01775
2157,333.005926
2158,332.994124
2159,332.982288
2160,332.970364
2161,332.958306
2162,332.94607
2163,332.93362
2164,332.920926
2165,332.907961
2166,332.894708
2167,332.881154
2168,332.867289
2169,332.853113
2170,332.838631
2171,332.82387
2172,332.808905
2173,332.793974
2174,332.779824
2175,332.768859
2176,334.000849
2177,334.027155
2178,334.056974
2179,334.083278
2180,334.103984
2181,334.118528
2182,334.126775
2183,334.128669
2184,334.124126
2185,334.113001
2186,334.095093
2187,334.070144
2188,334.037793
2189,333.997279
2190,333.946202
2191,333.877145
2192,333.777203
2193,333.688438
2194,333.618496
2195,333.562292
2196,333.514805
2197,333.473127
2198,333.435757
2199,333.401858
2200,333.370885
2201,333.34242
2202,333.316118
2203,333.291685
2204,333.26887
2205,333.247466
2206,333.227301
2207,333.208237
2208,333.190164
2209,333.172995
2210,333.156656
2211,333.14108
2212,333.126203
2213,333.11196
2214,333.098286
2215,333.085115
2216,333.072381
2217,333.060017
2218,333.047957
2219,333.036133
2220,333.02448
2221,333.012932
2222,333.001424
2223,332.989895
2224,332.978286
2225,332.966539
2226,332.954604
2227,332.942435
2228,332.929993
2229,332.917245
2230,332.904165
2231,332.890731
2232,332.876932
2233,332.86276
2234,332.848219
2235,332.833332
2236,332.818177
2237,332.802996
2238,332.788559
2239,332.777339
2240,334.466691
2241,334.497409
2242,334.531942
2243,334.562034
2244,334.585335
2245,334.601273
2246,334.60974
2247,334.610672
2248,334.603923
2249,334.589223
2250,334.566171
2251,334.534241
2252,334.492734
2253,334.440283
2254,334.371644
2255,334.260452
2256,333.997419
2257,333.80783
2258,333.689973
2259,333.611097
2260,333.551443
2261,333.502092
2262,333.45926
2263,333.42121
2264,333.386988
2265,333.355953
2266,333.327618
2267,333.301583
2268,333.277523
2269,333.255164
2270,333.234285
2271,333.214704
2272,333.196273
2273,333.178871
2274,333.162397
2275,333.146762
2276,333.131887
2277,333.117698
2278,333.104124
2279,333.091095
2280,333.078544
2281,333.066402
2282,333.054601
2283,333.043072
2284,333.031745
2285,333.020549
2286,333.009414
2287,332.998269
2288,332.987046
2289,332.975678
2290,332.964104
2291,332.952269
2292,332.940123
2293,332.927626
2294,332.914743
2295,332.901447
2296,332.88772
2297,332.873551
2298,332.858941
2299,332.843911
2300,332.82854
2301,332.813078
2302,332.798319
2303,332.786814
2304,335.695914
2305,335.734071
2306,335.77626
2307,335.812355
2308,335.839707
2309,335.8578
2310,335.866597
2311,335.866032
2312,335.855856
2313,335.83558
2314,335.804463
2315,335.761543
2316,335.705834
2317,335.636973
2318,335.555943
2319,335.436716
2320,334.480976
2321,334.000968
2322,333.781772
2323,333.66596
2324,333.590202
2325,333.531969
2326,333.483235
2327,333.440845
2328,333.403282
2329,333.369631
2330,333.339236
2331,333.311585
2332,333.286266
2333,333.262939
2334,333.241331
2335,333.221216
2336,333.202411
2337,333.184764
2338,333.16815
2339,333.152462
2340,333.137606
2341,333.1235
2342,333.110065
2343,333.097228
2344,333.084919
2345,333.073068
2346,333.061603
2347,333.050452
2348,333.03954
2349,333.02879
2350,333.018123
2351,333.007458
2352,332.996714
2353,332.985812
2354,332.97468
2355,332.96325
2356,332.951461
2357,332.939264
2358,332.926616
2359,332.913484
2360,332.899846
2361,332.885685
2362,332.870999
2363,332.855811
2364,332.840199
2365,332.824422
2366,332.809302
2367,332.797476
2368,335.910918
2369,335.950199
2370,335.993393
2371,336.030239
2372,336.058088
2373,336.076443
2374,336.08528
2375,336.084533
2376,336.073941
2377,336.052987
2378,336.020884
2379,335.976609
2380,335.919105
2381,335.848082
2382,335.766734
2383,335.690532
2384,335.44121
2385,334.271027
2386,333.886613
2387,333.723056
2388,333.629176
2389,333.561624
2390,333.50689
2391,333.460149
2392,333.419266
2393,333.38303
2394,333.350609
2395,333.321373
2396,333.294821
2397,333.270548
2398,333.248227
2399,333.22759
2400,333.208422
2401,333.190542
2402,333.173805
2403,333.158086
2404,333.143281
2405,333.129296
2406,333.11605
2407,333.103465
2408,333.091467
2409,333.079985
2410,333.068944
2411,333.058269
2412,333.047879
2413,333.037688
2414,333.027607
2415,333.01754
2416,333.007393
2417,332.99707
2418,332.986484
2419,332.975551
2420,332.964199
2421,332.952369
2422,332.940008
2423,332.927079
2424,332.913552
2425,332.899409
2426,332.884647
2427,332.869284
2428,332.853404
2429,332.837275
2430,332.821747
2431,332.80956
2432,336.030351
2433,336.072361
2434,336.118111
2435,336.15687
2436,336.185979
2437,336.204995
2438,336.213927
2439,336.212714
2440,336.20106
2441,336.178377
2442,336.143759
2443,336.096004
2444,336.033813
2445,335.956634
2446,335.867768
2447,335.785208
2448,335.633355
2449,334.40108
2450,333.963086
2451,333.773015
2452,333.665473
2453,333.589728
2454,333.529389
2455,333.478508
2456,333.434453
2457,333.395749
2458,333.361399
2459,333.330658
2460,333.302938
2461,333.277773
2462,333.254783
2463,333.233663
2464,333.214165
2465,333.196085
2466,333.179259
2467,333.163547
2468,333.148835
2469,333.135022
2470,333.122023
2471,333.109757
2472,333.09815
2473,333.087127
2474,333.076614
2475,333.066531
2476,333.05679
2477,333.047297
2478,333.037947
2479,333.028629
2480,333.019228
2481,333.009628
2482,332.999719
2483,332.989403
2484,332.978591
2485,332.967211
2486,332.955205
2487,332.942528
2488,332.929145
2489,332.915038
2490,332.900198
2491,332.884647
2492,332.868469
2493,332.851942
2494,332.835955
2495,332.823357
2496,336.142094
2497,336.186997
2498,336.235599
2499,336.276545
2500,336.307111
2501,336.326892
2502,336.335929
2503,336.334163
2504,336.321259
2505,336.296553
2506,336.259008
2507,336.207244
2508,336.139734
2509,336.055735
2510,335.958718
2511,335.868454
2512,335.719404
2513,334.477594
2514,334.019776
2515,333.815094
2516,333.697797
2517,333.615282
2518,333.549989
2519,333.49535
2520,333.448388
2521,333.407417
2522,333.371296
2523,333.339176
2524,333.310393
2525,333.28442
2526,333.260832
2527,333.239289
2528,333.219514
2529,333.201283
2530,333.184415
2531,333.16876
2532,333.154194
2533,333.140613
2534,333.127928
2535,333.11606
2536,333.104933
2537,333.094474
2538,333.084609
2539,333.075253
2540,333.066316
2541,333.05769
2542,333.049255
2543,333.040877
2544,333.032414
2545,333.02372
2546,333.01466
2547,333.00511
2548,332.994966
2549,332.984144
2550,332.972576
2551,332.960212
2552,332.947016
2553,332.932964
2554,332.918051
2555,332.902295
2556,332.885784
2557,332.86881
2558,332.8523
2559,332.839234
2560,336.2438
2561,336.29139
2562,336.342742
2563,336.385845
2564,336.417865
2565,336.438409
2566,336.447544
2567,336.445207
2568,336.43103
2569,336.404273
2570,336.363788
2571,336.308044
2572,336.235354
2573,336.144892
2574,336.040443
2575,335.943456
2576,335.792993
2577,334.535051
2578,334.064579
2579,333.850164
2580,333.725583
2581,333.637577
2582,333.568078
2583,333.510175
2584,333.460664
2585,333.417697
2586,333.380018
2587,333.34669
2588,333.316981
2589,333.290313
2590,333.266221
2591,333.244334
2592,333.224352
2593,333.206033
2594,333.189183
2595,333.173644
2596,333.159287
2597,333.146006
2598,333.133711
2599,333.122327
2600,333.11178
2601,333.102004
2602,333.092924
2603,333.084459
2604,333.076511
2605,333.068965
2606,333.061681
2607,333.054493
2608,333.04722
2609,333.039674
2610,333.03168
2611,333.023087
2612,333.013772
2613,333.003637
2614,332.992609
2615,332.980633
2616,332.967673
2617,332.953705
2618,332.938722
2619,332.922744
2620,332.905863
2621,332.888382
2622,332.871275
2623,332.857672
2624,336.325818
2625,336.375605
2626,336.429255
2627,336.47419
2628,336.507453
2629,336.528651
2630,336.53786
2631,336.535015
2632,336.519717
2633,336.49117
2634,336.448144
2635,336.389006
2636,336.31198
2637,336.216245
2638,336.105923
2639,336.003814
2640,335.852129
2641,334.579899
2642,334.100043
2643,333.878543
2644,333.748436
2645,333.656089
2646,333.583169
2647,333.522568
2648,333.470933
2649,333.4263
2650,333.387322
2651,333.352992
2652,333.322525
2653,333.295299
2654,333.270816
2655,333.248681
2656,333.228574
2657,333.210242
2658,333.193479
2659,333.178124
2660,333.164044
2661,333.151137
2662,333.139315
2663,333.128509
2664,333.118654
2665,333.109691
2666,333.101556
2667,333.094172
2668,333.087444
2669,333.08125
2670,333.075431
2671,333.069781
2672,333.064053
2673,333.057983
2674,333.051344
2675,333.043951
2676,333.035664
2677,333.026375
2678,333.016007
2679,333.004508
2680,332.991842
2681,332.977988
2682,332.962941
2683,332.946722
2684,332.929426
2685,332.91137
2686,332.89358
2687,332.879356
2688,336.387165
2689,336.438613
2690,336.494023
2691,336.540373
2692,336.574603
2693,336.596306
2694,336.605562
2695,336.602301
2696,336.586103
2697,336.556133
2698,336.511106
2699,336.44933
2700,336.368988
2701,336.269301
2702,336.15468
2703,336.048908
2704,335.89634
2705,334.613481
2706,334.126834
2707,333.900221
2708,333.766047
2709,333.670431
2710,333.594891
2711,333.532202
2712,333.478914
2713,333.432985
2714,333.393003
2715,333.357907
2716,333.326872
2717,333.299243
2718,333.274499
2719,333.252225
2720,333.232087
2721,333.213824
2722,333.197225
2723,333.182126
2724,333.168399
2725,333.155943
2726,333.144681
2727,333.134553
2728,333.125509
2729,333.117504
2730,333.110493
2731,333.104416
2732,333.099197
2733,333.094723
2734,333.090828
2735,333.087258
2736,333.083641
2737,333.07954
2738,333.074654
2739,333.068777
2740,333.061763
2741,333.053509
2742,333.043943
2743,333.033021
2744,333.020717
2745,333.007013
2746,332.99191
2747,332.975428
2748,332.957666
2749,332.938956
2750,332.92038
2751,332.905438
2752,336.428901
2753,336.481485
2754,336.538109
2755,336.58544
2756,336.620339
2757,336.642386
2758,336.651663
2759,336.648092
2760,336.631241
2761,336.60025
2762,336.553804
2763,336.490178
2764,336.407541
2765,336.305162
2766,336.187657
2767,336.079461
2768,335.926311
2769,334.636355
2770,334.145176
2771,333.915133
2772,333.778197
2773,333.680334
2774,333.602974
2775,333.538829
2776,333.48439
2777,333.437563
2778,333.396896
2779,333.361291
2780,333.329897
2781,333.302036
2782,333.277172
2783,333.254875
2784,333.234809
2785,333.216703
2786,333.200349
2787,333.185583
2788,333.172283
2789,333.160359
2790,333.149744
2791,333.140396
2792,333.132286
2793,333.125394
2794,333.119708
2795,333.115209
2796,333.111875
2797,333.109663
2798,333.10847
2799,333.108017
2800,333.107643
2801,333.106364
2802,333.103822
2803,333.099881
2804,333.094448
2805,333.087453
2806,333.078853
2807,333.068624
2808,333.056755
2809,333.043242
2810,333.02809
2811,333.011322
2812,332.993037
2813,332.973581
2814,332.954099
2815,332.938321
2816,336.452198
2817,336.505419
2818,336.562721
2819,336.610598
2820,336.645866
2821,336.668095
2822,336.677365
2823,336.673597
2824,336.656351
2825,336.624754
2826,336.577475
2827,336.512777
2828,336.428826
2829,336.324922
2830,336.205802
2831,336.096261
2832,335.942789
2833,334.648895
2834,334.155196
2835,333.923239
2836,333.784754
2837,333.685624
2838,333.607239
2839,333.542278
2840,333.487203
2841,333.439895
2842,333.398876
2843,333.363035
2844,333.331501
2845,333.303588
2846,333.278752
2847,333.256558
2848,333.236667
2849,333.218811
2850,333.202783
2851,333.188428
2852,333.175631
2853,333.164315
2854,333.154434
2855,333.145965
2856,333.138912
2857,333.133293
2858,333.129152
2859,333.126557
2860,333.125633
2861,333.126586
2862,333.129673
2863,333.134846
2864,333.140726
2865,333.144007
2866,333.14475
2867,333.143316
2868,333.13985
2869,333.134389
2870,333.126948
2871,333.117544
2872,333.106196
2873,333.09292
2874,333.077727
2875,333.060646
2876,333.041772
2877,333.021462
2878,333.000929
2879,332.984171
2880,336.457815
2881,336.511183
2882,336.56864
2883,336.616635
2884,336.651972
2885,336.67422
2886,336.683458
2887,336.679607
2888,336.662225
2889,336.630438
2890,336.582911
2891,336.517903
2892,336.433583
2893,336.329259
2894,336.209703
2895,336.099804
2896,335.946247
2897,334.651322
2898,334.156967
2899,333.924519
2900,333.785642
2901,333.686201
2902,333.607578
2903,333.542444
2904,333.487255
2905,333.439888
2906,333.398862
2907,333.36306
2908,333.331613
2909,333.303834
2910,333.279177
2911,333.257213
2912,333.237604
2913,333.220089
2914,333.204469
2915,333.190597
2916,333.178375
2917,333.167741
2918,333.158672
2919,333.151175
2920,333.145293
2921,333.141102
2922,333.138739
2923,333.138445
2924,333.140703
2925,333.146491
2926,333.157529
2927,333.175572
2928,333.19791
2929,333.209561
2930,333.215057
2931,333.216908
2932,333.215919
2933,333.212349
2934,333.20632
2935,333.197914
2936,333.187199
2937,333.174217
2938,333.158996
2939,333.141564
2940,333.122012
2941,333.100703
2942,333.078924
2943,333.060994
2944,336.445953
2945,336.498987
2946,336.556076
2947,336.603761
2948,336.638868
2949,336.660972
2950,336.670152
2951,336.666333
2952,336.649076
2953,336.617513
2954,336.570317
2955,336.505757
2956,336.422002
2957,336.318348
2958,336.199509
2959,336.090213
2960,335.936803
2961,334.643683
2962,334.150498
2963,333.918955
2964,333.780829
2965,333.682025
2966,333.603945
2967,333.539279
2968,333.484499
2969,333.437498
2970,333.396807
2971,333.361325
2972,333.330191
2973,333.302729
2974,333.278403
2975,333.256794
2976,333.237572
2977,333.220487
2978,333.205352
2979,333.192034
2980,333.180451
2981,333.170563
2982,333.162373
2983,333.155925
2984,333.151311
2985,333.148686
2986,333.148328
2987,333.150792
2988,333.157355
2989,333.171083
2990,333.198849
2991,333.252175
2992,333.331976
2993,333.358331
2994,333.370133
2995,333.376269
2996,333.378544
2997,333.37746
2998,333.373272
2999,333.366166
3000,333.356275
3001,333.343688
3002,333.328453
3003,333.310599
3004,333.290207
3005,333.267638
3006,333.244261
3007,333.224809
3008,336.416244
3009,336.468453
3010,336.524648
3011,336.571591
3012,336.606168
3013,336.627965
3014,336.637061
3015,336.633385
3016,336.61651
3017,336.585583
3018,336.539301
3019,336.475952
3020,336.393712
3021,336.291843
3022,336.174919
3023,336.067231
3024,335.914209
3025,334.625852
3026,334.13573
3027,333.906529
3028,333.77032
3029,333.67311
3030,333.596358
3031,333.532797
3032,333.478943
3033,333.432725
3034,333.392707
3035,333.357816
3036,333.327217
3037,333.300252
3038,333.276405
3039,333.25527
3040,333.236536
3041,333.219964
3042,333.205385
3043,333.192682
3044,333.181794
3045,333.172703
3046,333.165444
3047,333.160101
3048,333.156824
3049,333.155863
3050,333.157688
3051,333.163339
3052,333.175538
3053,333.202023
3054,333.264733
3055,333.418881
3056,333.742614
3057,333.770543
3058,333.787191
3059,333.799247
3060,333.806539
3061,333.809335
3062,333.808022
3063,333.802941
3064,333.794343
3065,333.782389
3066,333.767162
3067,333.748693
3068,333.727038
3069,333.702537
3070,333.676648
3071,333.654695
3072,336.367793
3073,336.41867
3074,336.473432
3075,336.519199
3076,336.552944
3077,336.574269
3078,336.583253
3079,336.579828
3080,336.563585
3081,336.533701
3082,336.488913
3083,336.42755
3084,336.347812
3085,336.248916
3086,336.135208
3087,336.030242
3088,335.877879
3089,334.597537
3090,334.112544
3091,333.887233
3092,333.754167
3093,333.659533
3094,333.584895
3095,333.52307
3096,333.470647
3097,333.425615
3098,333.386595
3099,333.352556
3100,333.322701
3101,333.296404
3102,333.273173
3103,333.252627
3104,333.234472
3105,333.21849
3106,333.204529
3107,333.192494
3108,333.182343
3109,333.174087
3110,333.167792
3111,333.163584
3112,333.161673
3113,333.162411
3114,333.166472
3115,333.17545
3116,333.193886
3117,333.236464
3118,333.354841
3119,333.74441
3120,333.802953
3121,333.820265
3122,333.837125
3123,333.849702
3124,333.857416
3125,333.860533
3126,333.859456
3127,333.854542
3128,333.846051
3129,333.83415
3130,333.818925
3131,333.800406
3132,333.778649
3133,333.753988
3134,333.72788
3135,333.705675
3136,336.299396
3137,336.348412
3138,336.401195
3139,336.445353
3140,336.477973
3141,336.498666
3142,336.507506
3143,336.504431
3144,336.489055
3145,336.460603
3146,336.417874
3147,336.359271
3148,336.283051
3149,336.188401
3150,336.079366
3151,335.978421
3152,335.827028
3153,334.558311
3154,334.080775
3155,333.861086
3156,333.732487
3157,333.641448
3158,333.569711
3159,333.510237
3160,333.459724
3161,333.41626
3162,333.37854
3163,333.345595
3164,333.316679
3165,333.291206
3166,333.268718
3167,333.248862
3168,333.231369
3169,333.216043
3170,333.202753
3171,333.191426
3172,333.182043
3173,333.174643
3174,333.169323
3175,333.166251
3176,333.165694
3177,333.16809
3178,333.174275
3179,333.186189
3180,333.209216
3181,333.259977
3182,333.392232
3183,333.780916
3184,333.828691
3185,333.848682
3186,333.868331
3187,333.883201
3188,333.892697
3189,333.897166
3190,333.897094
3191,333.892895
3192,333.884868
3193,333.873207
3194,333.858008
3195,333.8393
3196,333.817127
3197,333.79181
3198,333.764812
3199,333.741661
3200,336.210371
3201,336.256996
3202,336.307277
3203,336.349429
3204,336.380662
3205,336.400581
3206,336.409248
3207,336.406603
3208,336.392292
3209,336.365604
3210,336.325433
3211,336.2703
3212,336.198576
3213,336.109471
3214,336.006698
3215,335.911285
3216,335.761202
3217,334.50754
3218,334.040133
3219,333.82813
3220,333.705488
3221,333.619109
3222,333.551052
3223,333.494507
3224,333.44635
3225,333.404798
3226,333.368649
3227,333.337014
3228,333.309209
3229,333.284698
3230,333.263065
3231,333.243987
3232,333.227227
3233,333.212611
3234,333.200034
3235,333.189443
3236,333.180846
3237,333.174305
3238,333.169951
3239,333.167989
3240,333.168736
3241,333.1727
3242,333.180822
3243,333.19523
3244,333.221638
3245,333.277142
3246,333.415469
3247,333.808396
3248,333.856358
3249,333.879143
3250,333.901833
3251,333.919325
3252,333.930924
3253,333.937025
3254,333.938183
3255,333.934868
3256,333.927426
3257,333.916075
3258,333.900923
3259,333.882
3260,333.85934
3261,333.833251
3262,333.805233
3263,333.781052
3264,336.103483
3265,336.147276
3266,336.194675
3267,336.234562
3268,336.264245
3269,336.283306
3270,336.29178
3271,336.289607
3272,336.276471
3273,336.251738
3274,336.214424
3275,336.163218
3276,336.096679
3277,336.01414
3278,335.919044
3279,335.830698
3280,335.681856
3281,334.443371
3282,333.989707
3283,333.788322
3284,333.673477
3285,333.592894
3286,333.529261
3287,333.476169
3288,333.430754
3289,333.39141
3290,333.357064
3291,333.326921
3292,333.300372
3293,333.27694
3294,333.256253
3295,333.238027
3296,333.222055
3297,333.208193
3298,333.196356
3299,333.186518
3300,333.178709
3301,333.173018
3302,333.169602
3303,333.168702
3304,333.170674
3305,333.176081
3306,333.185934
3307,333.202463
3308,333.231528
3309,333.290411
3310,333.433043
3311,333.831835
3312,333.880319
3313,333.905417
3314,333.930746
3315,333.950607
3316,333.964168
3317,333.971828
3318,333.974182
3319,333.971744
3320,333.964892
3321,333.953865
3322,333.938783
3323,333.919675
3324,333.896569
3325,333.869771
3326,333.840826
3327,333.815736
3328,335.994908
3329,336.035889
3330,336.080561
3331,336.118359
3332,336.146631
3333,336.164915
3334,336.173211
3335,336.171458
3336,336.159375
3337,336.136402
3338,336.101681
3339,336.054077
3340,335.99238
3341,335.916142
3342,335.828696
3343,335.747653
3344,335.589371
3345,334.355753
3346,333.926076
3347,333.741236
3348,333.636853
3349,333.563321
3350,333.504795
3351,333.455591
3352,333.413225
3353,333.37632
3354,333.343954
3355,333.315446
3356,333.290267
3357,333.268004
3358,333.248335
3359,333.231017
3360,333.215876
3361,333.202795
3362,333.191715
3363,333.182634
3364,333.175603
3365,333.170736
3366,333.168215
3367,333.168309
3368,333.17141
3369,333.178116
3370,333.18949
3371,333.207818
3372,333.23904
3373,333.30056
3374,333.446588
3375,333.850541
3376,333.899458
3377,333.92638
3378,333.953852
3379,333.975698
3380,333.990949
3381,333.999984
3382,334.003416
3383,334.001784
3384,333.995488
3385,333.984782
3386,333.969793
3387,333.950551
3388,333.92708
3389,333.899691
3390,333.869976
3391,333.844138
3392,335.863296
3393,335.901954
3394,335.944523
3395,335.980759
3396,336.007989
3397,336.0257
3398,336.033861
3399,336.032411
3400,336.021091
3401,335.999403
3402,335.966584
3403,335.921643
3404,335.863569
3405,335.79208
3406,335.709967
3407,335.629366
3408,335.23009
3409,334.192739
3410,333.840127
3411,333.686146
3412,333.596266
3413,333.531096
3414,333.478223
3415,333.433207
3416,333.394093
3417,333.359779
3418,333.329515
3419,333.302738
3420,333.279007
3421,333.257975
3422,333.239374
3423,333.223002
3424,333.208717
3425,333.196432
3426,333.186114
3427,333.17778
3428,333.171506
3429,333.167426
3430,333.165744
3431,333.166753
3432,333.17087
3433,333.178724
3434,333.191409
3435,333.211248
3436,333.244229
3437,333.307845
3438,333.456557
3439,333.864635
3440,333.913892
3441,333.942229
3442,333.9714
3443,333.994856
3444,334.01151
3445,334.021714
3446,334.026082
3447,334.025166
3448,334.019378
3449,334.008983
3450,333.994112
3451,333.974795
3452,333.951053
3453,333.923206
3454,333.892886
3455,333.866461
3456,335.494182
3457,335.530763
3458,335.571394
3459,335.606158
3460,335.632392
3461,335.64955
3462,335.657576
3463,335.656406
3464,335.645808
3465,335.625334
3466,335.594307
3467,335.551858
3468,335.497088
3469,335.429434
3470,335.347161
3471,335.208405
3472,334.362729
3473,333.934431
3474,333.734176
3475,333.625632
3476,333.5533
3477,333.497213
3478,333.450218
3479,333.4095
3480,333.373716
3481,333.342058
3482,333.313953
3483,333.288956
3484,333.266715
3485,333.246948
3486,333.229441
3487,333.214033
3488,333.200614
3489,333.189128
3490,333.179562
3491,333.171958
3492,333.166408
3493,333.163066
3494,333.162157
3495,333.163991
3496,333.169006
3497,333.177852
3498,333.191645
3499,333.212731
3500,333.24713
3501,333.3124
3502,333.463201
3503,333.874474
3504,333.923992
3505,333.95342
3506,333.983915
3507,334.00865
3508,334.026441
3509,334.037611
3510,334.042772
3511,334.04248
3512,334.037151
3513,334.027056
3514,334.012328
3515,333.992997
3516,333.969083
3517,333.940911
3518,333.910146
3519,333.883285
3520,334.373748
3521,334.403061
3522,334.436021
3523,334.464662
3524,334.486667
3525,334.501448
3526,334.50888
3527,334.508898
3528,334.501371
3529,334.486065
3530,334.462643
3531,334.430658
3532,334.389498
3533,334.337813
3534,334.270182
3535,334.161453
3536,333.924001
3537,333.75178
3538,333.64254
3539,333.567853
3540,333.510545
3541,333.462851
3542,333.421486
3543,333.384957
3544,333.352452
3545,333.32343
3546,333.297477
3547,333.274263
3548,333.253516
3549,333.235021
3550,333.218612
3551,333.204167
3552,333.191611
3553,333.180911
3554,333.172078
3555,333.165173
3556,333.160306
3557,333.157647
3558,333.157436
3559,333.159999
3560,333.165789
3561,333.175472
3562,333.190177
3563,333.212267
3564,333.247782
3565,333.314329
3566,333.466719
3567,333.880403
3568,333.930117
3569,333.960369
3570,333.991876
3571,334.017601
3572,334.036291
3573,334.048243
3574,334.054062
3575,334.054303
3576,334.049386
3577,334.039583
3578,334.025025
3579,334.005742
3580,333.981752
3581,333.953385
3582,333.922329
3583,333.89517
3584,333.94693
3585,333.971986
3586,334.000322
3587,334.025182
3588,334.044529
3589,334.057792
3590,334.064819
3591,334.065551
3592,334.059915
3593,334.047797
3594,334.029044
3595,334.003466
3596,333.97079
3597,333.930351
3598,333.879942
3599,333.813005
3600,333.719707
3601,333.636516
3602,333.569978
3603,333.515745
3604,333.469542
3605,333.428921
3606,333.392639
3607,333.360024
3608,333.330639
3609,333.304153
3610,333.28029
3611,333.258816
3612,333.239537
3613,333.222293
3614,333.206964
3615,333.193467
3616,333.181753
3617,333.171816
3618,333.163687
3619,333.157442
3620,333.153208
3621,333.151168
3622,333.151574
3623,333.154766
3624,333.161207
3625,333.171572
3626,333.187001
3627,333.209867
3628,333.246224
3629,333.313715
3630,333.467262
3631,333.882687
3632,333.932544
3633,333.963393
3634,333.995642
3635,334.022105
3636,334.041479
3637,334.054043
3638,334.060394
3639,334.061087
3640,334.056539
3641,334.04702
3642,334.032663
3643,334.013491
3644,333.989523
3645,333.961087
3646,333.929886
3647,333.90256
3648,333.747057
3649,333.768928
3650,333.793797
3651,333.815788
3652,333.833091
3653,333.845163
3654,333.851844
3655,333.853082
3656,333.84884
3657,333.839078
3658,333.823761
3659,333.802865
3660,333.776378
3661,333.744221
3662,333.706012
3663,333.660824
3664,333.608704
3665,333.557693
3666,333.511105
3667,333.469034
3668,333.430837
3669,333.395985
3670,333.364142
3671,333.335069
3672,333.308569
3673,333.284461
3674,333.262578
3675,333.242768
3676,333.224898
3677,333.208861
3678,333.194577
3679,333.181994
3680,333.171092
3681,333.161883
3682,333.154417
3683,333.148786
3684,333.145129
3685,333.143639
3686,333.144578
3687,333.148294
3688,333.155258
3689,333.166152
3690,333.182123
3691,333.205548
3692,333.242492
3693,333.310622
3694,333.464936
3695,333.881505
3696,333.931455
3697,333.9627
3698,333.995448
3699,334.022422
3700,334.042283
3701,334.055302
3702,334.062068
3703,334.063134
3704,334.058917
3705,334.049681
3706,334.035556
3707,334.016563
3708,333.992714
3709,333.964334
3710,333.93313
3711,333.905763
3712,333.628269
3713,333.647533
3714,333.669554
3715,333.689167
3716,333.704753
3717,333.715803
3718,333.722159
3719,333.723773
3720,333.720633
3721,333.712747
3722,333.700148
3723,333.682912
3724,333.66117
3725,333.635113
3726,333.604977
3727,333.571096
3728,333.534369
3729,333.497177
3730,333.461102
3731,333.426809
3732,333.394538
3733,333.36437
3734,333.336326
3735,333.310384
3736,333.286488
3737,333.264559
3738,333.244512
3739,333.226257
3740,333.209715
3741,333.194822
3742,333.181531
3743,333.169817
3744,333.159682
3745,333.151158
3746,333.144309
3747,333.139239
3748,333.136095
3749,333.135081
3750,333.136464
3751,333.140597
3752,333.147956
3753,333.159227
3754,333.175558
3755,333.199331
3756,333.236616
3757,333.305093
3758,333.459804
3759,333.876951
3760,333.926948
3761,333.9584
3762,333.991418
3763,334.018683
3764,334.038846
3765,334.052169
3766,334.05924
3767,334.060608
3768,334.056686
3769,334.047736
3770,334.033881
3771,334.015136
3772,333.991507
3773,333.963312
3774,333.932247
3775,333.904962
3776,333.543849
3777,333.560929
3778,333.580548
3779,333.598138
3780,333.612245
3781,333.622396
3782,333.628437
3783,333.630323
3784,333.628058
3785,333.621678
3786,333.611256
3787,333.596916
3788,333.578851
3789,333.557335
3790,333.532745
3791,333.505591
3792,333.476616
3793,333.446875
3794,333.417262
3795,333.388386
3796,333.36064
3797,333.334273
3798,333.309435
3799,333.286204
3800,333.264606
3801,333.244632
3802,333.22625
3803,333.209422
3804,333.19411
3805,333.18028
3806,333.167916
3807,333.157014
3808,333.147595
3809,333.139704
3810,333.133418
3811,333.128849
3812,333.126152
3813,333.125535
3814,333.12727
3815,333.131712
3816,333.139336
3817,333.15083
3818,333.167341
3819,333.191251
3820,333.22863
3821,333.297164
3822,333.4519
3823,333.869057
3824,333.919056
3825,333.950523
3826,333.983581
3827,334.010922
3828,334.031201
3829,334.044681
3830,334.05195
3831,334.053551
3832,334.049894
3833,334.041235
3834,334.027692
3835,334.009272
3836,333.985972
3837,333.958095
3838,333.927317
3839,333.900239
3840,333.478037
3841,333.493284
3842,333.51088
3843,333.526752
3844,333.539588
3845,333.548947
3846,333.55468
3847,333.556746
3848,333.555157
3849,333.549963
3850,333.541256
3851,333.529181
3852,333.513945
3853,333.495832
3854,333.475213
3855,333.452553
3856,333.428422
3857,333.403469
3858,333.378299
3859,333.353406
3860,333.32917
3861,333.305867
3862,333.283689
3863,333.262758
3864,333.243145
3865,333.224883
3866,333.207982
3867,333.192436
3868,333.178237
3869,333.165379
3870,333.153864
3871,333.143707
3872,333.134942
3873,333.127626
3874,333.121843
3875,333.117711
3876,333.115391
3877,333.115092
3878,333.117085
3879,333.121724
3880,333.129484
3881,333.141047
3882,333.157557
3883,333.181391
3884,333.218614
3885,333.286904
3886,333.44128
3887,333.85785
3888,333.907801
3889,333.939079
3890,333.971938
3891,333.99913
3892,334.019337
3893,334.032828
3894,334.040188
3895,334.041956
3896,334.038536
3897,334.030179
3898,334.016994
3899,333.99898
3900,333.976123
3901,333.948708
3902,333.918374
3903,333.891636
3904,333.425177
3905,333.438907
3906,333.454825
3907,333.469267
3908,333.48103
3909,333.489703
3910,333.495141
3911,333.497305
3912,333.496209
3913,333.49191
3914,333.484507
3915,333.474149
3916,333.461039
3917,333.445445
3918,333.4277
3919,333.408203
3920,333.387407
3921,333.365792
3922,333.343819
3923,333.321898
3924,333.300365
3925,333.279485
3926,333.259458
3927,333.240423
3928,333.222474
3929,333.205671
3930,333.190047
3931,333.175621
3932,333.162405
3933,333.15041
3934,333.139653
3935,333.130162
3936,333.121981
3937,333.115172
3938,333.109826
3939,333.106064
3940,333.104046
3941,333.103982
3942,333.10614
3943,333.11087
3944,333.11864
3945,333.130124
3946,333.146457
3947,333.170007
3948,333.206826
3949,333.274569
3950,333.428187
3951,333.843535
3952,333.893383
3953,333.924251
3954,333.956654
3955,333.983469
3956,334.003415
3957,334.01677
3958,334.024117
3959,334.025989
3960,334.02278
3961,334.014733
3962,334.001951
3963,333.984426
3964,333.962129
3965,333.935323
3966,333.905597
3967,333.879342
3968,333.383815
3969,333.396343
3970,333.410942
3971,333.424253
3972,333.43516
3973,333.443269
3974,333.448438
3975,333.450629
3976,333.449858
3977,333.446182
3978,333.4397
3979,333.430559
3980,333.418953
3981,333.405127
3982,333.389383
3983,333.372065
3984,333.353554
3985,333.334246
3986,333.314524
3987,333.294738
3988,333.27519
3989,333.256127
3990,333.237743
3991,333.220183
3992,333.203551
3993,333.18792
3994,333.173337
3995,333.159835
3996,333.147438
3997,333.136169
3998,333.126053
3999,333.117126
4000,333.109436
4001,333.103051
4002,333.098062
4003,333.094592
4004,333.092798
4005,333.092887
4006,333.095123
4007,333.099847
4008,333.107518
4009,333.1188
4010,333.134812
4011,333.157907
4012,333.194117
4013,333.261059
4014,333.413572
4015,333.827108
4016,333.876796
4017,333.907029
4018,333.938737
4019,333.964971
4020,333.984495
4021,333.997591
4022,334.004834
4023,334.006748
4024,334.003718
4025,333.995979
4026,333.983626
4027,333.966644
4028,333.944995
4029,333.918919
4030,333.889947
4031,333.864307
4032,333.356691
4033,333.368423
4034,333.382165
4035,333.394743
4036,333.405086
4037,333.412813
4038,333.417783
4039,333.419956
4040,333.41935
4041,333.41602
4042,333.410065
4043,333.401625
4044,333.390887
4045,333.378083
4046,333.36349
4047,333.347425
4048,333.330231
4049,333.312262
4050,333.293864
4051,333.275353
4052,333.25701
4053,333.23907
4054,333.221719
4055,333.205103
4056,333.189328
4057,333.174472
4058,333.160587
4059,333.147712
4060,333.135878
4061,333.12511
4062,333.11544
4063,333.106906
4064,333.099557
4065,333.093463
4066,333.088714
4067,333.085432
4068,333.083772
4069,333.083935
4070,333.08618
4071,333.090841
4072,333.098366
4073,333.109407
4074,333.125069
4075,333.147687
4076,333.18327
4077,333.249393
4078,333.400774
4079,333.812369
4080,333.861856
4081,333.891363
4082,333.922317
4083,333.947932
4084,333.967002
4085,333.979807
4086,333.986909
4087,333.988821
4088,333.985918
4089,333.978428
4090,333.966442
4091,333.949942
4092,333.928884
4093,333.903495
4094,333.875261
4095,333.850257
4096,332.80012
4097,332.792274
4098,332.786079
4099,332.781102
4100,332.777073
4101,332.773802
4102,332.771152
4103,332.769016
4104,332.767309
4105,332.765958
4106,332.764902
4107,332.764084
4108,332.763451
4109,332.762953
4110,332.762538
4111,332.762159
4112,332.761766
4113,332.761317
4114,332.76077
4115,332.760094
4116,332.759264
4117,332.758263
4118,332.757086
4119,332.755735
4120,332.754222
4121,332.752567
4122,332.7508
4123,332.748961
4124,332.747094
4125,332.745252
4126,332.743492
4127,332.74187
4128,332.740434
4129,332.739217
4130,332.738224
4131,332.737421
4132,332.736722
4133,332.735995
4134,332.735071
4135,332.733788
4136,332.732013
4137,332.729649
4138,332.726636
4139,332.722937
4140,332.718533
4141,332.713414
4142,332.707579
4143,332.701032
4144,332.693784
4145,332.685861
4146,332.677309
4147,332.668205
4148,332.658666
4149,332.648853
4150,332.638955
4151,332.629163
4152,332.619634
4153,332.610484
4154,332.601787
4155,332.593588
4156,332.585914
4157,332.578781
4158,332.572209
4159,332.566232
4160,332.819773
4161,332.812261
4162,332.806149
4163,332.801168
4164,332.797107
4165,332.793801
4166,332.791122
4167,332.788968
4168,332.787256
4169,332.785914
4170,332.784879
4171,332.784096
4172,332.783509
4173,332.783065
4174,332.782711
4175,332.782392
4176,332.782057
4177,332.781656
4178,332.781144
4179,332.780487
4180,332.779655
4181,332.778633
4182,332.777413
4183,332.775997
4184,332.7744
4185,332.772644
4186,332.770762
4187,332.768797
4188,332.766799
4189,332.764829
4190,332.762952
4191,332.761236
4192,332.759742
4193,332.758518
4194,332.757581
4195,332.756905
4196,332.756396
4197,332.755892
4198,332.755176
4199,332.754045
4200,332.752344
4201,332.749975
4202,332.746879
4203,332.743026
4204,332.7384
4205,332.732996
4206,332.726812
4207,332.719849
4208,332.712116
4209,332.703631
4210,332.694436
4211,332.684603
4212,332.674257
4213,332.663585
4214,332.652823
4215,332.642208
4216,332.631922
4217,332.622088
4218,332.612775
4219,332.604021
4220,332.595842
4221,332.588246
4222,332.58124
4223,332.574836
4224,332.837975
4225,332.83106
4226,332.825293
4227,332.820522
4228,332.816599
4229,332.813395
4230,332.810802
4231,332.808731
4232,332.807104
4233,332.805857
4234,332.804929
4235,332.804264
4236,332.80381
4237,332.80351
4238,332.803306
4239,332.80314
4240,332.80295
4241,332.802679
4242,332.802276
4243,332.801699
4244,332.800916
4245,332.799908
4246,332.798668
4247,332.7972
4248,332.795519
4249,332.793651
4250,332.791633
4251,332.789514
4252,332.787353
4253,332.78522
4254,332.783198
4255,332.781372
4256,332.779833
4257,332.778655
4258,332.777887
4259,332.777526
4260,332.777476
4261,332.777521
4262,332.777326
4263,332.776601
4264,332.775165
4265,332.772921
4266,332.769827
4267,332.765869
4268,332.761045
4269,332.755353
4270,332.748795
4271,332.741367
4272,332.733067
4273,332.7239
4274,332.713885
4275,332.703081
4276,332.691611
4277,332.679703
4278,332.667704
4279,332.655948
4280,332.64466
4281,332.633959
4282,332.623898
4283,332.614491
4284,332.605735
4285,332.597618
4286,332.59013
4287,332.583261
4288,332.855149
4289,332.848929
4290,332.843657
4291,332.839245
4292,332.835595
4293,332.832611
4294,332.83021
4295,332.828316
4296,332.826864
4297,332.825797
4298,332.825062
4299,332.824606
4300,332.824378
4301,332.824321
4302,332.824371
4303,332.824461
4304,332.82452
4305,332.824475
4306,332.824265
4307,332.823839
4308,332.82316
4309,332.822207
4310,332.820973
4311,332.819463
4312,332.817697
4313,332.815703
4314,332.813524
4315,332.811214
4316,332.808845
4317,332.806501
4318,332.804285
4319,332.802313
4320,332.800714
4321,332.799613
4322,332.799116
4323,332.799275
4324,332.800024
4325,332.801077
4326,332.801824
4327,332.80181
4328,332.800837
4329,332.798845
4330,332.795832
4331,332.791813
4332,332.786808
4333,332.780828
4334,332.773872
4335,332.765934
4336,332.756992
4337,332.747026
4338,332.736018
4339,332.723981
4340,332.711002
4341,332.697348
4342,332.683617
4343,332.670343
4344,332.657787
4345,332.64604
4346,332.635107
4347,332.624963
4348,332.615567
4349,332.606884
4350,332.598882
4351,332.591533
4352,332.871562
4353,332.866077
4354,332.861384
4355,332.857433
4356,332.854157
4357,332.851492
4358,332.849373
4359,332.847743
4360,332.846551
4361,332.845749
4362,332.845294
4363,332.845141
4364,332.845241
4365,332.845538
4366,332.845964
4367,332.846437
4368,332.846868
4369,332.847166
4370,332.84725
4371,332.847058
4372,332.846547
4373,332.845694
4374,332.844494
4375,332.842954
4376,332.841098
4377,332.838959
4378,332.836585
4379,332.834039
4380,332.831401
4381,332.828774
4382,332.826286
4383,332.824094
4384,332.822377
4385,332.821336
4386,332.821167
4387,332.822037
4388,332.824007
4389,332.826806
4390,332.829109
4391,332.830152
4392,332.829831
4393,332.828196
4394,332.825321
4395,332.821272
4396,332.816098
4397,332.809823
4398,332.802452
4399,332.793967
4400,332.784326
4401,332.773469
4402,332.761317
4403,332.747788
4404,332.732841
4405,332.716655
4406,332.700483
4407,332.685253
4408,332.671175
4409,332.658228
4410,332.646327
4411,332.635379
4412,332.625301
4413,332.616022
4414,332.607486
4415,332.599649
4416,332.887401
4417,332.882667
4418,332.878603
4419,332.87518
4420,332.872357
4421,332.870088
4422,332.868329
4423,332.86704
4424,332.866184
4425,332.865729
4426,332.865642
4427,332.865889
4428,332.86643
4429,332.86721
4430,332.868155
4431,332.869168
4432,332.87013
4433,332.870917
4434,332.87142
4435,332.871561
4436,332.871292
4437,332.87059
4438,332.869452
4439,332.867894
4440,332.865941
4441,332.863633
4442,332.861022
4443,332.858179
4444,332.855192
4445,332.852182
4446,332.849304
4447,332.84676
4448,332.844799
4449,332.843715
4450,332.84383
4451,332.84549
4452,332.849068
4453,332.854952
4454,332.859773
4455,332.862171
4456,332.862613
4457,332.861382
4458,332.858666
4459,332.854595
4460,332.849252
4461,332.842677
4462,332.834879
4463,332.825826
4464,332.815454
4465,332.803657
4466,332.790279
4467,332.775095
4468,332.757748
4469,332.737566
4470,332.717935
4471,332.70037
4472,332.684604
4473,332.670371
4474,332.657451
4475,332.645668
4476,332.634885
4477,332.624996
4478,332.61592
4479,332.607597
4480,332.902808
4481,332.89883
4482,332.895427
4483,332.89258
4484,332.890264
4485,332.888453
4486,332.887118
4487,332.886237
4488,332.885788
4489,332.885754
4490,332.886121
4491,332.886869
4492,332.887971
4493,332.889382
4494,332.891025
4495,332.89278
4496,332.894483
4497,332.895949
4498,332.897027
4499,332.89762
4500,332.897676
4501,332.897179
4502,332.896135
4503,332.894566
4504,332.892506
4505,332.889999
4506,332.887102
4507,332.883887
4508,332.880451
4509,332.876923
4510,332.873485
4511,332.870386
4512,332.867957
4513,332.86661
4514,332.866797
4515,332.869012
4516,332.873838
4517,332.882001
4518,332.888747
4519,332.892285
4520,332.893389
4521,332.892506
4522,332.889917
4523,332.885806
4524,332.880284
4525,332.873408
4526,332.865184
4527,332.855573
4528,332.844486
4529,332.831775
4530,332.817216
4531,332.800462
4532,332.780936
4533,332.757497
4534,332.734888
4535,332.715165
4536,332.697778
4537,332.682287
4538,332.66836
4539,332.655747
4540,332.644264
4541,332.633768
4542,332.624157
4543,332.615355
4544,332.917896
4545,332.914676
4546,332.911952
4547,332.909714
4548,332.907949
4549,332.906643
4550,332.905784
4551,332.905365
4552,332.905382
4553,332.905839
4554,332.906739
4555,332.908088
4556,332.909881
4557,332.912092
4558,332.914652
4559,332.91742
4560,332.920158
4561,332.922557
4562,332.924404
4563,332.925587
4564,332.92606
4565,332.925825
4566,332.924902
4567,332.923329
4568,332.921147
4569,332.918407
4570,332.915166
4571,332.911496
4572,332.907488
4573,332.903275
4574,332.899048
4575,332.895099
4576,332.891856
4577,332.889896
4578,332.889799
4579,332.892147
4580,332.897571
4581,332.906725
4582,332.914434
4583,332.918676
4584,332.920222
4585,332.919565
4586,332.917034
4587,332.912841
4588,332.907119
4589,332.899933
4590,332.89129
4591,332.881141
4592,332.869377
4593,332.855818
4594,332.840192
4595,332.822089
4596,332.800858
4597,332.775349
4598,332.750695
4599,332.729242
4600,332.710446
4601,332.69381
4602,332.67894
4603,332.665538
4604,332.65338
4605,332.642297
4606,332.632166
4607,332.622898
4608,332.932758
4609,332.930298
4610,332.928267
4611,332.926662
4612,332.925477
4613,332.924712
4614,332.924369
4615,332.924455
4616,332.924988
4617,332.925991
4618,332.927495
4619,332.929536
4620,332.932147
4621,332.935343
4622,332.939089
4623,332.943241
4624,332.947451
4625,332.95113
4626,332.953983
4627,332.955906
4628,332.95689
4629,332.956968
4630,332.95619
4631,332.954613
4632,332.952291
4633,332.94928
4634,332.945636
4635,332.941419
4636,332.936708
4637,332.931612
4638,332.926309
4639,332.921102
4640,332.916525
4641,332.913465
4642,332.912644
4643,332.914673
4644,332.920146
4645,332.929612
4646,332.937709
4647,332.942276
4648,332.944028
4649,332.943453
4650,332.940887
4651,332.936558
4652,332.930606
4653,332.9231
4654,332.914046
4655,332.903387
4656,332.890997
4657,332.876675
4658,332.860125
4659,332.840908
4660,332.818361
4661,332.791374
4662,332.765227
4663,332.742418
4664,332.722449
4665,332.704816
4666,332.689099
4667,332.674972
4668,332.662183
4669,332.650544
4670,332.639916
4671,332.6302
4672,332.947481
4673,332.945781
4674,332.944453
4675,332.943496
4676,332.942914
4677,332.942716
4678,332.942916
4679,332.943539
4680,332.944622
4681,332.946211
4682,332.948371
4683,332.951176
4684,332.954715
4685,332.959073
4686,332.964305
4687,332.970343
4688,332.976759
4689,332.982177
4690,332.986296
4691,332.989104
4692,332.990674
4693,332.991103
4694,332.990482
4695,332.988895
4696,332.986412
4697,332.983092
4698,332.978986
4699,332.974138
4700,332.968594
4701,332.962417
4702,332.955713
4703,332.94871
4704,332.941968
4705,332.937177
4706,332.935155
4707,332.936447
4708,332.941547
4709,332.950886
4710,332.958985
4711,332.963582
4712,332.965331
4713,332.964695
4714,332.962002
4715,332.957477
4716,332.951263
4717,332.943428
4718,332.933974
4719,332.922837
4720,332.909881
4721,332.894892
4722,332.87756
4723,332.857439
4724,332.833872
4725,332.805773
4726,332.778497
4727,332.754626
4728,332.733701
4729,332.715225
4730,332.69877
4731,332.683994
4732,332.67063
4733,332.658476
4734,332.647381
4735,332.637238
4736,332.96214
4737,332.961203
4738,332.960585
4739,332.960289
4740,332.960324
4741,332.960709
4742,332.96147
4743,332.962648
4744,332.964299
4745,332.966497
4746,332.969338
4747,332.972945
4748,332.977473
4749,332.983112
4750,332.990079
4751,332.998582
4752,333.008613
4753,333.016294
4754,333.02189
4755,333.025672
4756,333.027867
4757,333.028656
4758,333.028187
4759,333.026573
4760,333.023903
4761,333.020239
4762,333.015624
4763,333.010079
4764,333.003606
4765,332.996191
4766,332.987799
4767,332.978388
4768,332.967964
4769,332.960727
4770,332.957087
4771,332.957317
4772,332.961736
4773,332.970649
4774,332.978478
4775,332.982881
4776,332.984454
4777,332.983631
4778,332.980722
4779,332.975946
4780,332.969439
4781,332.961268
4782,332.951428
4783,332.93985
4784,332.926391
4785,332.91083
4786,332.89285
4787,332.872005
4788,332.847644
4789,332.818696
4790,332.790556
4791,332.765855
4792,332.744163
4793,332.72499
4794,332.707908
4795,332.692566
4796,332.678689
4797,332.666066
4798,332.654538
4799,332.643992
4800,332.976813
4801,332.976642
4802,332.97674
4803,332.977112
4804,332.977773
4805,332.978749
4806,332.980078
4807,332.981816
4808,332.984038
4809,332.986842
4810,332.990359
4811,332.994758
4812,333.000263
4813,333.007166
4814,333.015863
4815,333.026914
4816,333.041181
4817,333.051198
4818,333.058249
4819,333.06297
4820,333.065753
4821,333.066871
4822,333.066523
4823,333.064854
4824,333.06197
4825,333.057936
4826,333.052786
4827,333.046517
4828,333.039086
4829,333.030397
4830,333.020257
4831,333.008265
4832,332.993412
4833,332.983505
4834,332.978091
4835,332.97709
4836,332.980639
4837,332.988926
4838,332.996295
4839,333.000334
4840,333.001594
4841,333.000476
4842,332.997275
4843,332.992196
4844,332.985371
4845,332.976858
4846,332.96665
4847,332.954671
4848,332.940774
4849,332.924733
4850,332.906227
4851,332.884812
4852,332.859841
4853,332.830249
4854,332.801454
4855,332.776117
4856,332.753822
4857,332.734088
4858,332.716486
4859,332.700663
4860,332.686339
4861,332.673297
4862,332.661373
4863,332.65045
4864,332.991575
4865,332.992176
4866,332.992995
4867,332.99404
4868,332.99533
4869,332.996899
4870,332.998794
4871,333.001085
4872,333.003862
4873,333.007249
4874,333.011405
4875,333.016539
4876,333.022928
4877,333.030937
4878,333.041051
4879,333.053916
4880,333.070313
4881,333.081984
4882,333.090197
4883,333.095697
4884,333.098965
4885,333.100338
4886,333.100055
4887,333.09829
4888,333.095161
4889,333.090737
4890,333.085042
4891,333.078055
4892,333.069696
4893,333.059812
4894,333.048124
4895,333.034128
4896,333.016823
4897,333.004843
4898,332.997814
4899,332.995573
4900,332.998163
4901,333.005697
4902,333.012473
4903,333.016023
4904,333.016859
4905,333.015358
4906,333.011797
4907,333.006372
4908,332.999205
4909,332.99035
4910,332.979793
4911,332.967455
4912,332.953185
4913,332.936752
4914,332.917834
4915,332.895987
4916,332.870564
4917,332.840503
4918,332.81123
4919,332.785423
4920,332.762674
4921,332.742506
4922,332.72449
4923,332.708271
4924,332.693566
4925,332.680156
4926,332.667874
4927,332.656602
4928,333.006506
4929,333.007887
4930,333.009433
4931,333.011155
4932,333.013074
4933,333.015231
4934,333.017681
4935,333.020505
4936,333.023809
4937,333.027736
4938,333.032468
4939,333.038246
4940,333.045381
4941,333.054278
4942,333.065457
4943,333.079555
4944,333.097234
4945,333.110004
4946,333.11905
4947,333.125123
4948,333.128739
4949,333.130269
4950,333.129982
4951,333.128068
4952,333.124656
4953,333.119818
4954,333.113574
4955,333.105885
4956,333.09665
4957,333.085684
4958,333.07268
4959,333.057124
4960,333.038096
4961,333.024486
4962,333.016044
4963,333.012616
4964,333.014215
4965,333.020919
4966,333.027002
4967,333.029964
4968,333.030286
4969,333.028326
4970,333.024349
4971,333.01854
4972,333.011014
4973,333.001818
4974,332.990935
4975,332.978282
4976,332.963702
4977,332.946965
4978,332.927744
4979,332.905593
4980,332.879867
4981,332.849495
4982,332.819906
4983,332.793785
4984,332.770722
4985,332.750241
4986,332.731914
4987,332.715383
4988,332.700365
4989,332.686639
4990,332.674039
4991,332.662445
4992,333.021694
4993,333.023866
4994,333.026146
4995,333.028547
4996,333.031093
4997,333.033827
4998,333.036815
4999,333.040144
5000,333.043934
5001,333.048341
5002,333.053569
5003,333.059878
5004,333.067602
5005,333.077166
5006,333.089096
5007,333.10401
5008,333.122494
5009,333.135962
5010,333.145546
5011,333.151981
5012,333.155793
5013,333.157369
5014,333.156993
5015,333.154869
5016,333.151133
5017,333.145859
5018,333.139061
5019,333.130693
5020,333.120641
5021,333.108706
5022,333.094573
5023,333.077744
5024,333.057344
5025,333.042381
5026,333.032682
5027,333.028123
5028,333.028715
5029,333.034527
5030,333.039837
5031,333.042124
5032,333.041851
5033,333.039365
5034,333.034919
5035,333.028693
5036,333.020793
5037,333.011262
5038,333.000079
5039,332.987155
5040,332.972333
5041,332.955378
5042,332.935964
5043,332.91364
5044,332.887754
5045,332.857229
5046,332.827486
5047,332.801203
5048,332.777966
5049,332.757295
5050,332.738759
5051,332.722001
5052,332.706739
5053,332.692751
5054,332.679872
5055,332.667985
5056,333.037236
5057,333.040213
5058,333.043237
5059,333.046319
5060,333.049486
5061,333.052786
5062,333.056287
5063,333.060085
5064,333.06431
5065,333.06913
5066,333.074761
5067,333.081478
5068,333.08963
5069,333.09965
5070,333.112067
5071,333.127478
5072,333.146433
5073,333.160292
5074,333.170159
5075,333.176756
5076,333.180609
5077,333.182111
5078,333.181556
5079,333.179156
5080,333.17505
5081,333.169313
5082,333.161959
5083,333.152935
5084,333.14212
5085,333.129309
5086,333.114189
5087,333.09627
5088,333.074697
5089,333.058546
5090,333.04769
5091,333.042029
5092,333.041588
5093,333.046441
5094,333.050894
5095,333.052418
5096,333.051471
5097,333.048391
5098,333.043428
5099,333.036754
5100,333.028469
5101,333.018611
5102,333.007154
5103,332.994007
5104,332.979013
5105,332.961934
5106,332.942441
5107,332.920079
5108,332.894189
5109,332.86368
5110,332.833954
5111,332.807672
5112,332.784407
5113,332.763673
5114,332.745034
5115,332.728136
5116,332.712697
5117,332.6985
5118,332.685383
5119,332.673229
5120,333.053243
5121,333.057044
5122,333.060823
5123,333.06459
5124,333.068374
5125,333.072222
5126,333.076209
5127,333.080435
5128,333.085038
5129,333.090193
5130,333.096126
5131,333.103124
5132,333.111544
5133,333.121825
5134,333.134495
5135,333.150142
5136,333.169298
5137,333.183294
5138,333.19322
5139,333.199792
5140,333.203531
5141,333.204837
5142,333.204007
5143,333.201257
5144,333.196731
5145,333.190506
5146,333.18259
5147,333.172929
5148,333.161396
5149,333.147783
5150,333.131776
5151,333.112889
5152,333.090264
5153,333.073021
5154,333.061057
5155,333.054289
5156,333.052757
5157,333.05656
5158,333.060049
5159,333.060709
5160,333.058998
5161,333.055255
5162,333.049725
5163,333.042573
5164,333.033894
5165,333.023718
5166,333.012017
5167,332.998699
5168,332.983605
5169,332.966499
5170,332.947053
5171,332.924806
5172,332.899087
5173,332.868788
5174,332.839276
5175,332.813178
5176,332.790047
5177,332.769385
5178,332.750755
5179,332.733805
5180,332.718259
5181,332.703906
5182,332.690588
5183,332.678194
5184,333.069843
5185,333.074493
5186,333.079042
5187,333.0835
5188,333.087895
5189,333.092275
5190,333.096716
5191,333.101325
5192,333.106241
5193,333.111647
5194,333.117778
5195,333.124925
5196,333.133453
5197,333.143807
5198,333.156517
5199,333.172168
5200,333.191285
5201,333.205192
5202,333.214972
5203,333.221336
5204,333.224809
5205,333.225791
5206,333.224585
5207,333.221409
5208,333.21641
5209,333.209663
5210,333.201177
5211,333.190893
5212,333.17868
5213,333.164324
5214,333.147506
5215,333.127735
5216,333.104135
5217,333.085852
5218,333.072786
5219,333.064862
5220,333.062139
5221,333.064752
5222,333.067131
5223,333.066795
5224,333.064213
5225,333.059728
5226,333.053579
5227,333.04592
5228,333.036838
5229,333.026357
5230,333.014444
5231,333.001007
5232,332.985891
5233,332.968864
5234,332.949603
5235,332.927645
5236,332.90231
5237,332.87246
5238,332.843404
5239,332.817709
5240,332.794895
5241,332.774453
5242,332.755948
5243,332.739037
5244,332.723452
5245,332.708994
5246,332.695513
5247,332.682904
5248,333.087186
5249,333.092715
5250,333.098056
5251,333.103213
5252,333.108215
5253,333.113109
5254,333.117972
5255,333.122913
5256,333.128074
5257,333.133643
5258,333.139858
5259,333.147017
5260,333.155492
5261,333.165732
5262,333.178273
5263,333.193704
5264,333.212554
5265,333.226155
5266,333.235586
5267,333.241562
5268,333.244613
5269,333.24514
5270,333.243451
5271,333.239767
5272,333.234236
5273,333.226933
5274,333.217864
5275,333.206967
5276,333.194104
5277,333.179055
5278,333.16149
5279,333.1409
5280,333.116383
5281,333.097084
5282,333.082893
5283,333.073722
5284,333.069644
5285,333.070848
5286,333.071899
5287,333.070388
5288,333.066806
5289,333.061491
5290,333.054667
5291,333.046474
5292,333.036984
5293,333.026211
5294,333.014119
5295,333.000618
5296,332.985558
5297,332.968722
5298,332.949798
5299,332.928336
5300,332.903651
5301,332.874566
5302,332.846282
5303,332.821261
5304,332.798976
5305,332.778915
5306,332.760656
5307,332.743872
5308,332.728315
5309,332.7138
5310,332.70019
5311,332.687389
5312,333.105447
5313,333.111896
5314,333.118054
5315,333.123924
5316,333.129531
5317,333.134922
5318,333.140173
5319,333.145393
5320,333.150726
5321,333.156362
5322,333.162542
5323,333.169569
5324,333.17782
5325,333.187752
5326,333.199907
5327,333.214888
5328,333.233238
5329,333.246307
5330,333.255181
5331,333.260582
5332,333.263044
5333,333.262977
5334,333.260692
5335,333.256412
5336,333.250285
5337,333.242386
5338,333.232719
5339,333.221217
5340,333.207736
5341,333.192044
5342,333.173793
5343,333.15245
5344,333.127069
5345,333.106776
5346,333.091419
5347,333.080872
5348,333.075189
5349,333.074624
5350,333.07401
5351,333.071082
5352,333.066344
5353,333.060105
5354,333.052556
5355,333.043806
5356,333.033905
5357,333.022856
5358,333.010617
5359,332.997104
5360,332.982178
5361,332.965643
5362,332.947218
5363,332.926491
5364,332.9028
5365,332.874936
5366,332.847869
5367,332.823861
5368,332.80235
5369,332.782838
5370,332.764941
5371,332.748368
5372,332.732898
5373,332.718368
5374,332.704659
5375,332.691685
5376,333.124837
5377,333.132254
5378,333.139264
5379,333.145866
5380,333.15208
5381,333.157952
5382,333.163556
5383,333.168999
5384,333.174426
5385,333.180026
5386,333.186043
5387,333.192782
5388,333.200625
5389,333.210037
5390,333.221573
5391,333.235853
5392,333.253443
5393,333.265737
5394,333.273826
5395,333.278446
5396,333.280142
5397,333.27933
5398,333.276324
5399,333.271351
5400,333.264558
5401,333.25602
5402,333.245739
5403,333.233642
5404,333.219576
5405,333.203296
5406,333.184434
5407,333.162421
5408,333.136252
5409,333.115007
5410,333.09846
5411,333.08639
5412,333.078749
5413,333.075774
5414,333.072944
5415,333.068285
5416,333.062224
5417,333.054977
5418,333.046661
5419,333.037339
5420,333.027031
5421,333.015724
5422,333.00337
5423,332.989891
5424,332.975167
5425,332.959032
5426,332.94126
5427,332.921518
5428,332.899263
5429,332.873365
5430,332.848188
5431,332.825617
5432,332.805131
5433,332.786326
5434,332.768893
5435,332.752598
5436,332.737263
5437,332.722753
5438,332.708967
5439,332.695835
5440,333.145605
5441,333.154051
5442,333.161956
5443,333.169316
5444,333.176144
5445,333.182484
5446,333.188406
5447,333.194014
5448,333.199452
5449,333.204906
5450,333.21062
5451,333.216901
5452,333.224131
5453,333.232786
5454,333.243436
5455,333.256725
5456,333.273257
5457,333.284492
5458,333.291538
5459,333.295147
5460,333.295878
5461,333.294153
5462,333.290291
5463,333.284519
5464,333.276985
5465,333.267761
5466,333.256846
5467,333.244165
5468,333.229557
5469,333.212761
5470,333.193385
5471,333.170819
5472,333.143985
5473,333.12189
5474,333.104196
5475,333.090522
5476,333.080537
5477,333.073828
5478,333.067817
5479,333.061095
5480,333.05358
5481,333.045268
5482,333.036164
5483,333.026267
5484,333.015561
5485,333.004013
5486,332.991573
5487,332.978166
5488,332.963695
5489,332.948035
5490,332.931025
5491,332.912468
5492,332.892112
5493,332.869671
5494,332.847488
5495,332.826782
5496,332.807521
5497,332.789529
5498,332.772626
5499,332.756654
5500,332.741484
5501,332.727014
5502,332.713168
5503,332.699888
5504,333.16805
5505,333.177599
5506,333.186456
5507,333.194607
5508,333.202063
5509,333.208861
5510,333.215067
5511,333.22078
5512,333.22614
5513,333.23133
5514,333.23659
5515,333.242222
5516,333.248612
5517,333.256238
5518,333.265686
5519,333.277635
5520,333.292744
5521,333.30258
5522,333.308278
5523,333.310612
5524,333.310153
5525,333.307331
5526,333.302462
5527,333.295774
5528,333.287413
5529,333.277449
5530,333.265881
5531,333.25263
5532,333.237531
5533,333.220313
5534,333.200558
5535,333.17761
5536,333.150311
5537,333.127562
5538,333.108904
5539,333.093805
5540,333.08172
5541,333.071933
5542,333.063166
5543,333.054516
5544,333.045609
5545,333.03627
5546,333.026406
5547,333.015959
5548,333.004878
5549,332.993113
5550,332.980608
5551,332.967298
5552,332.953106
5553,332.937945
5554,332.921724
5555,332.904362
5556,332.885836
5557,332.866331
5558,332.846765
5559,332.827851
5560,332.809807
5561,332.792637
5562,332.776274
5563,332.760636
5564,332.745641
5565,332.73122
5566,332.71732
5567,332.703897
5568,333.192532
5569,333.203277
5570,333.213154
5571,333.222142
5572,333.230246
5573,333.237497
5574,333.243954
5575,333.249711
5576,333.2549
5577,333.2597
5578,333.26434
5579,333.269117
5580,333.274407
5581,333.280689
5582,333.288557
5583,333.298727
5584,333.311944
5585,333.319954
5586,333.323937
5587,333.324689
5588,333.322788
5589,333.318661
5590,333.312619
5591,333.304885
5592,333.295602
5593,333.284839
5594,333.272593
5595,333.258788
5596,333.24326
5597,333.225734
5598,333.20578
5599,333.182698
5600,333.155237
5601,333.132147
5602,333.112845
5603,333.096704
5604,333.08311
5605,333.071395
5606,333.060775
5607,333.050619
5608,333.040539
5609,333.030301
5610,333.019761
5611,333.00882
5612,332.997405
5613,332.985452
5614,332.972904
5615,332.959701
5616,332.945783
5617,332.931097
5618,332.915597
5619,332.899271
5620,332.882179
5621,332.864526
5622,332.846752
5623,332.829261
5624,332.812264
5625,332.795834
5626,332.779972
5627,332.764647
5628,332.749817
5629,332.73544
5630,332.721482
5631,332.707914
5632,333.219485
5633,333.231537
5634,333.24252
5635,333.252405
5636,333.261188
5637,333.268892
5638,333.27557
5639,333.281308
5640,333.286231
5641,333.290505
5642,333.294348
5643,333.298043
5644,333.301948
5645,333.306523
5646,333.312356
5647,333.320183
5648,333.33086
5649,333.336496
5650,333.338321
5651,333.337138
5652,333.333511
5653,333.327848
5654,333.32045
5655,333.311526
5656,333.301213
5657,333.289579
5658,333.276623
5659,333.262275
5660,333.246383
5661,333.228685
5662,333.208761
5663,333.185893
5664,333.15873
5665,333.135739
5666,333.116206
5667,333.099461
5668,333.084908
5669,333.071978
5670,333.060115
5671,333.048853
5672,333.037852
5673,333.026877
5674,333.015767
5675,333.004406
5676,332.992707
5677,332.9806
5678,332.968025
5679,332.954929
5680,332.941266
5681,332.927
5682,332.912114
5683,332.896624
5684,332.880601
5685,332.864202
5686,332.847671
5687,332.831244
5688,332.815083
5689,332.799271
5690,332.783837
5691,332.768783
5692,332.754091
5693,332.739742
5694,332.725717
5695,332.711998
5696,333.249433
5697,333.262931
5698,333.275126
5699,333.285982
5700,333.295485
5701,333.303651
5702,333.310524
5703,333.316182
5704,333.320737
5705,333.324343
5706,333.327203
5707,333.329575
5708,333.331788
5709,333.334258
5710,333.337521
5711,333.342271
5712,333.349437
5713,333.351982
5714,333.35113
5715,333.347616
5716,333.341948
5717,333.334497
5718,333.325536
5719,333.315258
5720,333.303791
5721,333.291199
5722,333.277485
5723,333.262591
5724,333.246388
5725,333.228656
5726,333.209027
5727,333.186849
5728,333.160739
5729,333.138435
5730,333.119131
5731,333.102201
5732,333.087132
5733,333.073467
5734,333.060791
5735,333.048748
5736,333.037057
5737,333.025506
5738,333.013939
5739,333.002237
5740,332.990309
5741,332.978082
5742,332.965497
5743,332.952505
5744,332.939068
5745,332.92516
5746,332.910777
5747,332.895939
5748,332.880709
5749,332.865193
5750,332.84954
5751,332.833897
5752,332.818377
5753,332.803054
5754,332.787966
5755,332.773126
5756,332.758537
5757,332.744192
5758,332.730083
5759,332.716202
5760,333.283014
5761,333.298124
5762,333.311663
5763,333.323583
5764,333.333862
5765,333.342507
5766,333.349554
5767,333.355069
5768,333.359153
5769,333.361946
5770,333.363628
5771,333.364429
5772,333.364637
5773,333.364599
5774,333.364732
5775,333.365522
5776,333.367488
5777,333.366067
5778,333.361966
5779,333.355692
5780,333.347637
5781,333.33811
5782,333.327347
5783,333.315522
5784,333.302746
5785,333.289081
5786,333.274533
5787,333.25906
5788,333.242566
5789,333.224893
5790,333.205799
5791,333.184883
5792,333.161345
5793,333.140447
5794,333.121804
5795,333.105031
5796,333.089775
5797,333.075706
5798,333.062518
5799,333.049943
5800,333.037756
5801,333.025776
5802,333.013859
5803,333.001895
5804,332.989792
5805,332.977481
5806,332.964902
5807,332.952011
5808,332.938772
5809,332.925164
5810,332.911185
5811,332.896853
5812,332.882213
5813,332.867337
5814,332.852316
5815,332.837247
5816,332.822209
5817,332.807258
5818,332.792432
5819,332.777751
5820,332.763223
5821,332.748853
5822,332.734639
5823,332.720582
5824,333.321005
5825,333.33793
5826,333.352972
5827,333.366072
5828,333.377199
5829,333.386351
5830,333.393554
5831,333.398866
5832,333.402373
5833,333.404198
5834,333.404501
5835,333.403483
5836,333.401386
5837,333.398486
5838,333.395067
5839,333.391328
5840,333.387123
5841,333.381137
5842,333.373308
5843,333.363854
5844,333.353043
5845,333.341119
5846,333.328282
5847,333.314679
5848,333.300409
5849,333.285523
5850,333.270031
5851,333.253904
5852,333.23708
5853,333.21947
5854,333.200976
5855,333.181549
5856,333.161416
5857,333.142272
5858,333.124504
5859,333.108083
5860,333.092846
5861,333.078588
5862,333.065097
5863,333.052176
5864,333.039646
5865,333.027359
5866,333.01519
5867,333.003035
5868,332.990812
5869,332.978451
5870,332.965897
5871,332.953105
5872,332.940042
5873,332.926688
5874,332.913037
5875,332.899099
5876,332.884905
5877,332.8705
5878,332.855943
5879,332.841295
5880,332.826611
5881,332.811935
5882,332.797298
5883,332.782719
5884,332.768213
5885,332.753786
5886,332.739445
5887,332.725193
5888,333.364351
5889,333.383339
5890,333.400078
5891,333.4145
5892,333.426565
5893,333.436263
5894,333.443612
5895,333.448659
5896,333.451477
5897,333.452173
5898,333.450885
5899,333.447789
5900,333.443097
5901,333.437045
5902,333.429864
5903,333.421712
5904,333.412556
5905,333.40208
5906,333.39028
5907,333.377326
5908,333.363437
5909,333.348822
5910,333.333654
5911,333.318056
5912,333.302111
5913,333.285857
5914,333.2693
5915,333.252417
5916,333.23517
5917,333.217517
5918,333.199443
5919,333.181016
5920,333.162509
5921,333.144577
5922,333.127546
5923,333.111494
5924,333.096365
5925,333.082042
5926,333.068385
5927,333.055248
5928,333.042495
5929,333.030002
5930,333.017662
5931,333.005385
5932,332.993092
5933,332.980718
5934,332.968209
5935,332.955521
5936,332.94262
5937,332.929485
5938,332.916105
5939,332.902482
5940,332.888633
5941,332.874584
5942,332.860372
5943,332.846035
5944,332.831611
5945,332.81713
5946,332.802617
5947,332.788092
5948,332.773567
5949,332.759053
5950,332.744559
5951,332.730093
5952,333.414215
5953,333.435564
5954,333.454235
5955,333.47015
5956,333.483263
5957,333.493559
5958,333.501048
5959,333.505768
5960,333.507778
5961,333.507168
5962,333.504056
5963,333.498598
5964,333.49099
5965,333.481461
5966,333.470261
5967,333.457621
5968,333.443711
5969,333.428634
5970,333.412572
5971,333.395759
5972,333.378435
5973,333.360803
5974,333.343019
5975,333.325189
5976,333.30737
5977,333.289583
5978,333.271819
5979,333.254051
5980,333.236246
5981,333.218379
5982,333.200457
5983,333.182553
5984,333.164848
5985,333.147634
5986,333.131109
5987,333.115349
5988,333.10034
5989,333.086013
5990,333.072273
5991,333.059013
5992,333.046124
5993,333.033507
5994,333.021069
5995,333.008729
5996,332.996414
5997,332.984064
5998,332.971624
5999,332.95905
6000,332.946309
6001,332.933373
6002,332.920228
6003,332.906867
6004,332.893294
6005,332.879524
6006,332.865574
6007,332.851469
6008,332.837232
6009,332.822884
6010,332.808445
6011,332.793928
6012,332.779348
6013,332.764717
6014,332.750045
6015,332.735342
6016,333.472021
6017,333.496094
6018,333.516978
6019,333.53459
6020,333.548883
6021,333.559841
6022,333.56747
6023,333.571798
6024,333.572871
6025,333.570757
6026,333.565555
6027,333.5574
6028,333.546479
6029,333.533037
6030,333.517379
6031,333.499862
6032,333.480866
6033,333.460775
6034,333.439977
6035,333.418829
6036,333.39763
6037,333.376597
6038,333.355877
6039,333.335549
6040,333.315638
6041,333.296138
6042,333.277012
6043,333.258215
6044,333.2397
6045,333.221435
6046,333.203413
6047,333.185675
6048,333.168315
6049,333.151468
6050,333.135238
6051,333.119669
6052,333.104754
6053,333.090445
6054,333.076672
6055,333.063351
6056,333.050397
6057,333.037722
6058,333.025248
6059,333.012901
6060,333.000612
6061,332.988323
6062,332.975981
6063,332.963541
6064,332.950965
6065,332.938223
6066,332.925293
6067,332.912162
6068,332.898824
6069,332.885281
6070,332.871539
6071,332.857612
6072,332.84351
6073,332.829248
6074,332.814838
6075,332.800294
6076,332.785626
6077,332.770848
6078,332.755971
6079,332.741006
6080,333.539528
6081,333.566758
6082,333.590189
6083,333.609738
6084,333.625365
6085,333.637061
6086,333.644834
6087,333.648703
6088,333.648698
6089,333.644861
6090,333.63726
6091,333.626004
6092,333.611264
6093,333.593305
6094,333.572507
6095,333.549379
6096,333.524545
6097,333.498682
6098,333.472424
6099,333.446291
6100,333.420661
6101,333.395772
6102,333.371748
6103,333.348628
6104,333.326394
6105,333.304991
6106,333.284343
6107,333.264371
6108,333.244998
6109,333.226164
6110,333.207836
6111,333.190008
6112,333.172711
6113,333.155993
6114,333.139893
6115,333.124423
6116,333.109565
6117,333.095278
6118,333.081502
6119,333.068168
6120,333.055201
6121,333.042527
6122,333.030073
6123,333.017771
6124,333.005557
6125,332.993373
6126,332.981164
6127,332.968883
6128,332.95649
6129,332.943949
6130,332.931231
6131,332.918317
6132,332.905192
6133,332.891847
6134,332.878281
6135,332.864494
6136,332.850491
6137,332.83628
6138,332.821868
6139,332.807264
6140,332.792479
6141,332.777525
6142,332.762414
6143,332.74716
6144,333.618906
6145,333.649816
6146,333.676182
6147,333.69794
6148,333.715075
6149,333.727596
6150,333.73552
6151,333.738861
6152,333.737627
6153,333.731826
6154,333.721477
6155,333.70664
6156,333.687449
6157,333.664165
6158,333.637239
6159,333.607366
6160,333.575487
6161,333.542684
6162,333.509928
6163,333.477945
6164,333.447193
6165,333.41791
6166,333.390171
6167,333.363948
6168,333.339151
6169,333.315657
6170,333.293333
6171,333.272048
6172,333.251683
6173,333.23214
6174,333.213344
6175,333.195248
6176,333.177829
6177,333.161079
6178,333.144991
6179,333.129546
6180,333.114713
6181,333.100446
6182,333.086689
6183,333.073379
6184,333.060447
6185,333.047825
6186,333.035446
6187,333.023244
6188,333.011156
6189,332.999123
6190,332.987089
6191,332.975004
6192,332.962823
6193,332.950503
6194,332.938011
6195,332.925318
6196,332.912401
6197,332.899244
6198,332.885835
6199,332.872169
6200,332.858243
6201,332.844058
6202,332.829617
6203,332.814927
6204,332.799997
6205,332.784839
6206,332.769466
6207,332.753892
6208,333.712847
6209,333.748052
6210,333.777797
6211,333.802064
6212,333.820891
6213,333.834328
6214,333.842414
6215,333.845158
6216,333.842542
6217,333.834522
6218,333.821046
6219,333.802082
6220,333.777679
6221,333.748037
6222,333.713635
6223,333.675366
6224,333.634632
6225,333.593185
6226,333.552505
6227,333.51356
6228,333.476858
6229,333.442575
6230,333.410683
6231,333.381039
6232,333.353446
6233,333.327686
6234,333.303548
6235,333.280832
6236,333.259365
6237,333.239001
6238,333.21962
6239,333.201133
6240,333.18347
6241,333.166582
6242,333.150425
6243,333.134955
6244,333.120125
6245,333.10588
6246,333.092164
6247,333.078912
6248,333.06606
6249,333.053543
6250,333.041293
6251,333.029247
6252,333.017341
6253,333.005514
6254,332.993707
6255,332.981865
6256,332.969937
6257,332.957873
6258,332.945634
6259,332.933181
6260,332.920484
6261,332.90752
6262,332.894268
6263,332.880715
6264,332.866853
6265,332.852678
6266,332.83819
6267,332.823392
6268,332.808291
6269,332.7929
6270,332.777233
6271,332.761304
6272,333.824679
6273,333.864892
6274,333.898494
6275,333.925577
6276,333.94628
6277,333.960723
6278,333.968979
6279,333.971063
6280,333.966919
6281,333.956433
6282,333.939444
6283,333.915777
6284,333.885304
6285,333.848056
6286,333.804409
6287,333.755395
6288,333.703071
6289,333.65053
6290,333.600031
6291,333.552769
6292,333.50918
6293,333.469259
6294,333.432781
6295,333.39942
6296,333.368824
6297,333.340651
6298,333.314585
6299,333.290348
6300,333.267699
6301,333.246435
6302,333.226391
6303,333.207432
6304,333.18945
6305,333.172358
6306,333.156083
6307,333.140559
6308,333.125722
6309,333.11151
6310,333.097858
6311,333.084702
6312,333.071978
6313,333.059618
6314,333.047557
6315,333.03573
6316,333.02407
6317,333.012514
6318,333.000996
6319,332.989457
6320,332.977836
6321,332.966079
6322,332.954134
6323,332.941957
6324,332.929509
6325,332.916756
6326,332.903672
6327,332.890238
6328,332.876438
6329,332.862265
6330,332.847715
6331,332.83279
6332,332.817495
6333,332.801841
6334,332.785844
6335,332.76952
6336,333.958468
6337,334.004467
6338,334.042399
6339,334.072579
6340,334.095314
6341,334.110835
6342,334.119271
6343,334.12064
6344,334.114846
6345,334.10168
6346,334.080835
6347,334.05192
6348,334.014515
6349,333.968283
6350,333.91321
6351,333.850139
6352,333.781875
6353,333.714723
6354,333.652019
6355,333.594918
6356,333.54349
6357,333.497337
6358,333.455897
6359,333.418579
6360,333.384825
6361,333.354134
6362,333.326069
6363,333.300254
6364,333.276375
6365,333.254167
6366,333.233415
6367,333.213939
6368,333.195596
6369,333.178267
6370,333.161852
6371,333.146264
6372,333.131426
6373,333.117264
6374,333.103708
6375,333.090691
6376,333.078145
6377,333.066003
6378,333.054197
6379,333.04266
6380,333.031321
6381,333.020111
6382,333.00896
6383,332.997798
6384,332.986557
6385,332.975173
6386,332.963583
6387,332.951734
6388,332.939576
6389,332.927068
6390,332.914178
6391,332.900877
6392,332.887147
6393,332.872975
6394,332.858354
6395,332.843284
6396,332.827769
6397,332.811821
6398,332.795455
6399,332.778691
6400,334.11896
6401,334.171484
6402,334.214112
6403,334.247577
6404,334.272443
6405,334.289085
6406,334.297702
6407,334.298319
6408,334.290793
6409,334.274805
6410,334.249862
6411,334.21529
6412,334.17025
6413,334.113778
6414,334.044938
6415,333.963371
6416,333.871436
6417,333.784819
6418,333.707259
6419,333.638896
6420,333.57885
6421,333.526029
6422,333.479381
6423,333.437967
6424,333.400977
6425,333.367726
6426,333.337637
6427,333.310231
6428,333.28511
6429,333.261947
6430,333.240472
6431,333.220467
6432,333.201751
6433,333.184177
6434,333.16762
6435,333.151977
6436,333.137155
6437,333.123073
6438,333.109653
6439,333.096824
6440,333.084517
6441,333.07266
6442,333.061185
6443,333.050019
6444,333.039088
6445,333.028317
6446,333.017626
6447,333.006936
6448,332.996167
6449,332.985241
6450,332.974085
6451,332.962633
6452,332.950826
6453,332.938613
6454,332.925953
6455,332.912813
6456,332.899168
6457,332.885002
6458,332.870304
6459,332.855074
6460,332.839314
6461,332.823036
6462,332.806257
6463,332.788998
6464,334.310876
6465,334.370265
6466,334.417661
6467,334.45443
6468,334.481429
6469,334.499188
6470,334.507978
6471,334.507832
6472,334.498554
6473,334.479704
6474,334.450587
6475,334.410212
6476,334.357238
6477,334.289881
6478,334.205696
6479,334.10101
6480,333.969076
6481,333.857737
6482,333.763422
6483,333.68303
6484,333.614039
6485,333.554415
6486,333.502514
6487,333.457005
6488,333.416802
6489,333.381023
6490,333.348944
6491,333.319978
6492,333.293642
6493,333.269544
6494,333.247365
6495,333.226844
6496,333.207767
6497,333.189961
6498,333.173282
6499,333.157607
6500,333.142833
6501,333.12887
6502,333.115635
6503,333.103053
6504,333.091051
6505,333.079557
6506,333.0685
6507,333.057802
6508,333.047385
6509,333.037164
6510,333.027049
6511,333.016948
6512,333.006765
6513,332.996408
6514,332.985789
6515,332.974826
6516,332.963448
6517,332.951595
6518,332.939217
6519,332.926274
6520,332.912738
6521,332.898588
6522,332.883812
6523,332.868407
6524,332.852375
6525,332.835727
6526,332.818482
6527,332.800664
6528,334.483928
6529,334.549766
6530,334.601672
6531,334.641563
6532,334.670573
6533,334.68938
6534,334.698326
6535,334.697453
6536,334.686512
6537,334.664952
6538,334.631882
6539,334.586011
6540,334.525536
6541,334.447932
6542,334.349495
6543,334.224182
6544,334.060273
6545,333.927005
6546,333.817077
6547,333.72524
6548,333.647667
6549,333.5815
6550,333.52455
6551,333.47511
6552,333.43183
6553,333.393636
6554,333.359662
6555,333.329214
6556,333.301729
6557,333.276751
6558,333.253912
6559,333.232912
6560,333.213509
6561,333.195505
6562,333.178735
6563,333.163066
6564,333.148383
6565,333.134589
6566,333.121597
6567,333.109329
6568,333.097711
6569,333.086671
6570,333.076132
6571,333.066017
6572,333.056238
6573,333.046703
6574,333.037307
6575,333.02794
6576,333.01849
6577,333.008843
6578,332.99889
6579,332.988532
6580,332.977684
6581,332.966274
6582,332.954244
6583,332.941548
6584,332.928153
6585,332.914035
6586,332.899181
6587,332.883586
6588,332.867251
6589,332.850189
6590,332.832417
6591,332.813964
6592,334.619779
6593,334.691185
6594,334.747118
6595,334.789827
6596,334.820656
6597,334.840411
6598,334.849492
6599,334.847948
6600,334.835488
6601,334.81146
6602,334.77481
6603,334.724002
6604,334.656881
6605,334.570431
6606,334.460301
6607,334.319777
6608,334.137338
6609,333.988037
6610,333.865375
6611,333.763655
6612,333.678439
6613,333.606345
6614,333.544777
6615,333.491726
6616,333.445616
6617,333.4052
6618,333.369487
6619,333.337682
6620,333.309149
6621,333.283375
6622,333.259946
6623,333.238529
6624,333.218852
6625,333.200698
6626,333.183887
6627,333.168272
6628,333.153733
6629,333.140167
6630,333.127485
6631,333.115608
6632,333.104463
6633,333.093978
6634,333.084076
6635,333.074677
6636,333.065688
6637,333.057003
6638,333.048503
6639,333.040057
6640,333.031524
6641,333.022764
6642,333.013642
6643,333.004036
6644,332.993845
6645,332.982982
6646,332.971381
6647,332.958993
6648,332.945779
6649,332.931715
6650,332.916786
6651,332.900985
6652,332.884313
6653,332.866783
6654,332.848413
6655,332.829233
6656,334.725941
6657,334.801898
6658,334.861225
6659,334.906351
6660,334.938754
6661,334.959328
6662,334.968518
6663,334.966377
6664,334.952576
6665,334.926385
6666,334.886626
6667,334.831586
6668,334.758882
6669,334.665237
6670,334.546062
6671,334.394609
6672,334.199918
6673,334.039141
6674,333.90668
6675,333.796953
6676,333.705331
6677,333.628155
6678,333.562575
6679,333.50636
6680,333.457759
6681,333.415386
6682,333.378142
6683,333.345148
6684,333.315704
6685,333.289245
6686,333.265319
6687,333.243562
6688,333.223681
6689,333.20544
6690,333.188646
6691,333.173146
6692,333.158813
6693,333.145541
6694,333.133244
6695,333.121844
6696,333.111271
6697,333.101457
6698,333.092328
6699,333.083802
6700,333.075782
6701,333.068152
6702,333.06077
6703,333.053478
6704,333.046099
6705,333.038453
6706,333.030371
6707,333.021702
6708,333.012322
6709,333.002133
6710,332.991062
6711,332.979054
6712,332.966071
6713,332.952087
6714,332.937087
6715,332.921063
6716,332.904016
6717,332.885956
6718,332.866903
6719,332.846887
6720,334.807184
6721,334.886706
6722,334.948751
6723,334.995842
6724,335.029535
6725,335.050779
6726,335.060049
6727,335.057398
6728,335.042469
6729,335.014475
6730,334.972148
6731,334.913664
6732,334.836511
6733,334.737291
6734,334.61137
6735,334.452117
6736,334.248939
6737,334.079989
6738,333.940246
6739,333.82434
6740,333.727625
6741,333.646325
6742,333.577441
6743,333.518597
6744,333.467916
6745,333.423908
6746,333.385387
6747,333.351408
6748,333.321217
6749,333.294208
6750,333.269898
6751,333.247896
6752,333.227893
6753,333.209638
6754,333.192931
6755,333.177612
6756,333.163553
6757,333.15065
6758,333.138818
6759,333.127988
6760,333.118096
6761,333.109082
6762,333.10088
6763,333.093411
6764,333.086578
6765,333.080251
6766,333.074269
6767,333.06843
6768,333.062509
6769,333.056269
6770,333.049492
6771,333.041989
6772,333.033612
6773,333.024251
6774,333.013827
6775,333.002285
6776,332.98959
6777,332.975717
6778,332.960652
6779,332.944386
6780,332.926918
6781,332.908257
6782,332.88842
6783,332.867439
6784,334.866791
6785,334.948963
6786,335.013057
6787,335.061645
6788,335.096325
6789,335.118079
6790,335.127399
6791,335.124337
6792,335.108516
6793,335.079109
6794,335.034794
6795,334.973676
6796,334.893179
6797,334.789865
6798,334.659117
6799,334.494424
6800,334.2854
6801,334.110757
6802,333.965819
6803,333.84539
6804,333.744863
6805,333.660424
6806,333.588993
6807,333.528109
6808,333.475809
6809,333.430528
6810,333.39102
6811,333.356289
6812,333.325539
6813,333.298134
6814,333.273566
6815,333.251428
6816,333.231395
6817,333.213209
6818,333.196664
6819,333.181598
6820,333.167886
6821,333.155429
6822,333.144149
6823,333.133987
6824,333.124893
6825,333.116819
6826,333.109716
6827,333.103516
6828,333.098127
6829,333.093413
6830,333.089183
6831,333.085188
6832,333.081124
6833,333.076672
6834,333.071538
6835,333.065487
6836,333.058343
6837,333.049989
6838,333.040347
6839,333.02937
6840,333.017027
6841,333.0033
6842,332.988176
6843,332.971647
6844,332.953709
6845,332.934365
6846,332.913626
6847,332.891522
6848,334.907046
6849,334.991022
6850,335.05652
6851,335.106137
6852,335.141498
6853,335.163598
6854,335.172939
6855,335.169573
6856,335.153109
6857,335.122695
6858,335.076976
6859,335.014023
6860,334.931229
6861,334.825146
6862,334.691191
6863,334.522939
6864,334.310114
6865,334.131753
6866,333.983374
6867,333.859901
6868,333.756771
6869,333.670164
6870,333.596961
6871,333.534652
6872,333.481222
6873,333.43506
6874,333.394878
6875,333.359647
6876,333.328545
6877,333.300913
6878,333.276227
6879,333.254068
6880,333.234106
6881,333.216076
6882,333.199772
6883,333.185037
6884,333.171747
6885,333.159814
6886,333.149173
6887,333.139779
6888,333.131602
6889,333.124618
6890,333.118801
6891,333.114109
6892,333.110466
6893,333.107741
6894,333.105719
6895,333.104082
6896,333.102412
6897,333.100249
6898,333.097192
6899,333.092943
6900,333.087307
6901,333.080166
6902,333.071458
6903,333.061151
6904,333.049229
6905,333.035685
6906,333.020511
6907,333.003697
6908,332.985234
6909,332.965114
6910,332.943338
6911,332.919924
6912,334.929453
6913,335.014434
6914,335.080716
6915,335.130907
6916,335.166641
6917,335.188923
6918,335.19826
6919,335.1947
6920,335.177846
6921,335.146835
6922,335.100296
6923,335.036281
6924,334.952174
6925,334.84453
6926,334.708787
6927,334.538569
6928,334.323653
6929,334.143244
6930,333.992959
6931,333.867787
6932,333.763195
6933,333.675363
6934,333.601161
6935,333.538053
6936,333.484
6937,333.437366
6938,333.39684
6939,333.361377
6940,333.330138
6941,333.302456
6942,333.277799
6943,333.255743
6944,333.235955
6945,333.218172
6946,333.202192
6947,333.187862
6948,333.175069
6949,333.163737
6950,333.153818
6951,333.145291
6952,333.13815
6953,333.132405
6954,333.12807
6955,333.125143
6956,333.123593
6957,333.123313
6958,333.124081
6959,333.125498
6960,333.126964
6961,333.127768
6962,333.12734
6963,333.125317
6964,333.121501
6965,333.115801
6966,333.108187
6967,333.09866
6968,333.087231
6969,333.073909
6970,333.058693
6971,333.041573
6972,333.022528
6973,333.001534
6974,332.978567
6975,332.953625
6976,334.934844
6977,335.020063
6978,335.086523
6979,335.136838
6980,335.172643
6981,335.194944
6982,335.204249
6983,335.200607
6984,335.18362
6985,335.152421
6986,335.105636
6987,335.041316
6988,334.956841
6989,334.848768
6990,334.712544
6991,334.541804
6992,334.32634
6993,334.145398
6994,333.99462
6995,333.869013
6996,333.764052
6997,333.675921
6998,333.601486
6999,333.53821
7000,333.484046
7001,333.437355
7002,333.396823
7003,333.3614
7004,333.330249
7005,333.302699
7006,333.278221
7007,333.256393
7008,333.236884
7009,333.219439
7010,333.203863
7011,333.190011
7012,333.177786
7013,333.167128
7014,333.158009
7015,333.150437
7016,333.144442
7017,333.140078
7018,333.137413
7019,333.136517
7020,333.137432
7021,333.14013
7022,333.144428
7023,333.149862
7024,333.155546
7025,333.160242
7026,333.163138
7027,333.163832
7028,333.162175
7029,333.158148
7030,333.151788
7031,333.143149
7032,333.132282
7033,333.119218
7034,333.10397
7035,333.086525
7036,333.066846
7037,333.04488
7038,333.020563
7039,332.993842
7040,334.923433
7041,335.008128
7042,335.074168
7043,335.124159
7044,335.159731
7045,335.181888
7046,335.191136
7047,335.187524
7048,335.170658
7049,335.13968
7050,335.093221
7051,335.029343
7052,334.945432
7053,334.838044
7054,334.702616
7055,334.532762
7056,334.318249
7057,334.138249
7058,333.98836
7059,333.863558
7060,333.759309
7061,333.671795
7062,333.597892
7063,333.535075
7064,333.481314
7065,333.434983
7066,333.394783
7067,333.359676
7068,333.328834
7069,333.301599
7070,333.277449
7071,333.255972
7072,333.236847
7073,333.219828
7074,333.204732
7075,333.191428
7076,333.179834
7077,333.169912
7078,333.16166
7079,333.155118
7080,333.15036
7081,333.147496
7082,333.146668
7083,333.148042
7084,333.151789
7085,333.158038
7086,333.166767
7087,333.177567
7088,333.189174
7089,333.199042
7090,333.206092
7091,333.210025
7092,333.210858
7093,333.208717
7094,333.20375
7095,333.196093
7096,333.185846
7097,333.173076
7098,333.157808
7099,333.140026
7100,333.119675
7101,333.096656
7102,333.070839
7103,333.042074
7104,334.894825
7105,334.978223
7106,335.043234
7107,335.092449
7108,335.127484
7109,335.149333
7110,335.158495
7111,335.155024
7112,335.138533
7113,335.10818
7114,335.062623
7115,334.999943
7116,334.917546
7117,334.81199
7118,334.678686
7119,334.511191
7120,334.299205
7121,334.121692
7122,333.974128
7123,333.851411
7124,333.748974
7125,333.663002
7126,333.590395
7127,333.528662
7128,333.475811
7129,333.430251
7130,333.390715
7131,333.356191
7132,333.325877
7133,333.299134
7134,333.275457
7135,333.254451
7136,333.235809
7137,333.219299
7138,333.204753
7139,333.192057
7140,333.18115
7141,333.172015
7142,333.164681
7143,333.159224
7144,333.155766
7145,333.154484
7146,333.155607
7147,333.159426
7148,333.166291
7149,333.176597
7150,333.19071
7151,333.2087
7152,333.229316
7153,333.246039
7154,333.258094
7155,333.265716
7156,333.269293
7157,333.269195
7158,333.265723
7159,333.259112
7160,333.249531
7161,333.237083
7162,333.221809
7163,333.203693
7164,333.182653
7165,333.158542
7166,333.13113
7167,333.100093
7168,334.847997
7169,334.929287
7170,334.992643
7171,335.040621
7172,335.074812
7173,335.096187
7174,335.105234
7175,335.102009
7176,335.086141
7177,335.056819
7178,335.012739
7179,334.952032
7180,334.872144
7181,334.769651
7182,334.639935
7183,334.476458
7184,334.268784
7185,334.095497
7186,333.951841
7187,333.832582
7188,333.733107
7189,333.649621
7190,333.579075
7191,333.519043
7192,333.467596
7193,333.423204
7194,333.38465
7195,333.350967
7196,333.321388
7197,333.295305
7198,333.272239
7199,333.251814
7200,333.233746
7201,333.21782
7202,333.203886
7203,333.191851
7204,333.181674
7205,333.173363
7206,333.166979
7207,333.162636
7208,333.160508
7209,333.160839
7210,333.163953
7211,333.170277
7212,333.180365
7213,333.194948
7214,333.215018
7215,333.242021
7216,333.278443
7217,333.303639
7218,333.321173
7219,333.332666
7220,333.339082
7221,333.341081
7222,333.339141
7223,333.333607
7224,333.324714
7225,333.312606
7226,333.297345
7227,333.278911
7228,333.257202
7229,333.232025
7230,333.203059
7231,333.169737
7232,334.781228
7233,334.859544
7234,334.920591
7235,334.966867
7236,334.999905
7237,335.02064
7238,335.02954
7239,335.02666
7240,335.011654
7241,334.983756
7242,334.941729
7243,334.883788
7244,334.807463
7245,334.709394
7246,334.584958
7247,334.427492
7248,334.226311
7249,334.059344
7250,333.92143
7251,333.807146
7252,333.711852
7253,333.631815
7254,333.564089
7255,333.506354
7256,333.456783
7257,333.413932
7258,333.376658
7259,333.344054
7260,333.315402
7261,333.290133
7262,333.267801
7263,333.24806
7264,333.230647
7265,333.21537
7266,333.202101
7267,333.190767
7268,333.181349
7269,333.173884
7270,333.168461
7271,333.165235
7272,333.164429
7273,333.166351
7274,333.171413
7275,333.180162
7276,333.193326
7277,333.211885
7278,333.237176
7279,333.271045
7280,333.315886
7281,333.347594
7282,333.369919
7283,333.38496
7284,333.394027
7285,333.398009
7286,333.397528
7287,333.393026
7288,333.384801
7289,333.373033
7290,333.357801
7291,333.339081
7292,333.316751
7293,333.290568
7294,333.260118
7295,333.224666
7296,334.691963
7297,334.76637
7298,334.824436
7299,334.868542
7300,334.900129
7301,334.920064
7302,334.928782
7303,334.926336
7304,334.912412
7305,334.886309
7306,334.846892
7307,334.792509
7308,334.72085
7309,334.628716
7310,334.511577
7311,334.362672
7312,334.170877
7313,334.012913
7314,333.882937
7315,333.775323
7316,333.685489
7317,333.609865
7318,333.545687
7319,333.490807
7320,333.443543
7321,333.402571
7322,333.366844
7323,333.335532
7324,333.307976
7325,333.283658
7326,333.26217
7327,333.2432
7328,333.226512
7329,333.211939
7330,333.199375
7331,333.18877
7332,333.18013
7333,333.173514
7334,333.169045
7335,333.166912
7336,333.167384
7337,333.170824
7338,333.177718
7339,333.188708
7340,333.204638
7341,333.226628
7342,333.25615
7343,333.295062
7344,333.345376
7345,333.381882
7346,333.408096
7347,333.426194
7348,333.437632
7349,333.443426
7350,333.444302
7351,333.440773
7352,333.433188
7353,333.421757
7354,333.406572
7355,333.387609
7356,333.364723
7357,333.337635
7358,333.305867
7359,333.268589
7360,334.576536
7361,334.646034
7362,334.700451
7363,334.741948
7364,334.771808
7365,334.790797
7366,334.799298
7367,334.79736
7368,334.784709
7369,334.760729
7370,334.724426
7371,334.674348
7372,334.608456
7373,334.523884
7374,334.416449
7375,334.27954
7376,334.101422
7377,333.956093
7378,333.836699
7379,333.737595
7380,333.654501
7381,333.584197
7382,333.524226
7383,333.472691
7384,333.428107
7385,333.389302
7386,333.355348
7387,333.325506
7388,333.29919
7389,333.275936
7390,333.255385
7391,333.237258
7392,333.221351
7393,333.207523
7394,333.195694
7395,333.185834
7396,333.177974
7397,333.172198
7398,333.168657
7399,333.16757
7400,333.169246
7401,333.174095
7402,333.182659
7403,333.195643
7404,333.213965
7405,333.23881
7406,333.271677
7407,333.314353
7408,333.368583
7409,333.40867
7410,333.437963
7411,333.458602
7412,333.472081
7413,333.479477
7414,333.481578
7415,333.478944
7416,333.47196
7417,333.460859
7418,333.445743
7419,333.426586
7420,333.40323
7421,333.375368
7422,333.342484
7423,333.303699
7424,334.429516
7425,334.493099
7426,334.543271
7427,334.581789
7428,334.609693
7429,334.627612
7430,334.635865
7431,334.634491
7432,334.623263
7433,334.601672
7434,334.568898
7435,334.523758
7436,334.464612
7437,334.38918
7438,334.294131
7439,334.173942
7440,334.017133
7441,333.889484
7442,333.783663
7443,333.694865
7444,333.619645
7445,333.555413
7446,333.500177
7447,333.452371
7448,333.410756
7449,333.374343
7450,333.342337
7451,333.314105
7452,333.289141
7453,333.267042
7454,333.247497
7455,333.230268
7456,333.215184
7457,333.202131
7458,333.191051
7459,333.181942
7460,333.174852
7461,333.169892
7462,333.167235
7463,333.167131
7464,333.169918
7465,333.176042
7466,333.186086
7467,333.200798
7468,333.221136
7469,333.248309
7470,333.283806
7471,333.329341
7472,333.386493
7473,333.4293
7474,333.46101
7475,333.483716
7476,333.498907
7477,333.507683
7478,333.510861
7479,333.509032
7480,333.502602
7481,333.491821
7482,333.476798
7483,333.457503
7484,333.433772
7485,333.40528
7486,333.371488
7487,333.331492
7488,334.241937
7489,334.298849
7490,334.344377
7491,334.379651
7492,334.405425
7493,334.422176
7494,334.43015
7495,334.42938
7496,334.419688
7497,334.400685
7498,334.371751
7499,334.332017
7500,334.280332
7501,334.215222
7502,334.134836
7503,334.036934
7504,333.919331
7505,333.815494
7506,333.725806
7507,333.648591
7508,333.581976
7509,333.524288
7510,333.474112
7511,333.430278
7512,333.391818
7513,333.357942
7514,333.328003
7515,333.301477
7516,333.277941
7517,333.257059
7518,333.238569
7519,333.222276
7520,333.20804
7521,333.195776
7522,333.185451
7523,333.177083
7524,333.170743
7525,333.166562
7526,333.164736
7527,333.165535
7528,333.169325
7529,333.176579
7530,333.187907
7531,333.204083
7532,333.226086
7533,333.255132
7534,333.29269
7535,333.340415
7536,333.39979
7537,333.444678
7538,333.478279
7539,333.502643
7540,333.519242
7541,333.529181
7542,333.533287
7543,333.532167
7544,333.526242
7545,333.51577
7546,333.500863
7547,333.481492
7548,333.457485
7549,333.428508
7550,333.394008
7551,333.353068
7552,334.061747
7553,334.111846
7554,334.152565
7555,334.184471
7556,334.208027
7557,334.223555
7558,334.231225
7559,334.231061
7560,334.222936
7561,334.206578
7562,334.181568
7563,334.14735
7564,334.103257
7565,334.048589
7566,333.982815
7567,333.906143
7568,333.821283
7569,333.740064
7570,333.66632
7571,333.600708
7572,333.542767
7573,333.491701
7574,333.446666
7575,333.406877
7576,333.371641
7577,333.340365
7578,333.312548
7579,333.287776
7580,333.26571
7581,333.246079
7582,333.228672
7583,333.213332
7584,333.199955
7585,333.188482
7586,333.178903
7587,333.171258
7588,333.165637
7589,333.162188
7590,333.161126
7591,333.162742
7592,333.16742
7593,333.175652
7594,333.188067
7595,333.205458
7596,333.228811
7597,333.259342
7598,333.298501
7599,333.347903
7600,333.408969
7601,333.45545
7602,333.490518
7603,333.516192
7604,333.533929
7605,333.544828
7606,333.549719
7607,333.549216
7608,333.543746
7609,333.533572
7610,333.518807
7611,333.499422
7612,333.475239
7613,333.445917
7614,333.410898
7615,333.369254
7616,333.911073
7617,333.954886
7618,333.990993
7619,334.019618
7620,334.040995
7621,334.055307
7622,334.062659
7623,334.063064
7624,334.056441
7625,334.042621
7626,334.02136
7627,333.992365
7628,333.955351
7629,333.910156
7630,333.856973
7631,333.796792
7632,333.732215
7633,333.668344
7634,333.608217
7635,333.553101
7636,333.50327
7637,333.458524
7638,333.418465
7639,333.382633
7640,333.350576
7641,333.32188
7642,333.29618
7643,333.273165
7644,333.252574
7645,333.234199
7646,333.217878
7647,333.203493
7648,333.19097
7649,333.180277
7650,333.171426
7651,333.164474
7652,333.159531
7653,333.156759
7654,333.156389
7655,333.158728
7656,333.164172
7657,333.173231
7658,333.186544
7659,333.204915
7660,333.229335
7661,333.261016
7662,333.301395
7663,333.352061
7664,333.414396
7665,333.462077
7666,333.498261
7667,333.52495
7668,333.543586
7669,333.55526
7670,333.560803
7671,333.560829
7672,333.555767
7673,333.545882
7674,333.531288
7675,333.51195
7676,333.48769
7677,333.458159
7678,333.422796
7679,333.380666
7680,333.78565
7681,333.823955
7682,333.855876
7683,333.881454
7684,333.900776
7685,333.913924
7686,333.920952
7687,333.921865
7688,333.916619
7689,333.905131
7690,333.887288
7691,333.862992
7692,333.832209
7693,333.79508
7694,333.752081
7695,333.704267
7696,333.653531
7697,333.602536
7698,333.553344
7699,333.507153
7700,333.464499
7701,333.425506
7702,333.390069
7703,333.35797
7704,333.328948
7705,333.30274
7706,333.279097
7707,333.257798
7708,333.238656
7709,333.221518
7710,333.206266
7711,333.192819
7712,333.181131
7713,333.171195
7714,333.163042
7715,333.156746
7716,333.152431
7717,333.150275
7718,333.150518
7719,333.15348
7720,333.159569
7721,333.169303
7722,333.183331
7723,333.202462
7724,333.22769
7725,333.260225
7726,333.301496
7727,333.353076
7728,333.416326
7729,333.464876
7730,333.501878
7731,333.529323
7732,333.548644
7733,333.560927
7734,333.566998
7735,333.567471
7736,333.562776
7737,333.553175
7738,333.53878
7739,333.519555
7740,333.495314
7741,333.465707
7742,333.430165
7743,333.387752
7744,333.681166
7745,333.714744
7746,333.742977
7747,333.765815
7748,333.783256
7749,333.79532
7750,333.802023
7751,333.803367
7752,333.799336
7753,333.789907
7754,333.775063
7755,333.754828
7756,333.729316
7757,333.698802
7758,333.663824
7759,333.62529
7760,333.584527
7761,333.543144
7762,333.502538
7763,333.463684
7764,333.427155
7765,333.393216
7766,333.361932
7767,333.333248
7768,333.307045
7769,333.283173
7770,333.261479
7771,333.241821
7772,333.224072
7773,333.208128
7774,333.19391
7775,333.18137
7776,333.170487
7777,333.161274
7778,333.15378
7779,333.148095
7780,333.144353
7781,333.142743
7782,333.143516
7783,333.146999
7784,333.153608
7785,333.163867
7786,333.178431
7787,333.198111
7788,333.223906
7789,333.257023
7790,333.298889
7791,333.351072
7792,333.414924
7793,333.464048
7794,333.5016
7795,333.529568
7796,333.549378
7797,333.562113
7798,333.568598
7799,333.569444
7800,333.565077
7801,333.555759
7802,333.541596
7803,333.52255
7804,333.498428
7805,333.468874
7806,333.433315
7807,333.39081
7808,333.593945
7809,333.623504
7810,333.648542
7811,333.668965
7812,333.684724
7813,333.695797
7814,333.702178
7815,333.703867
7816,333.700866
7817,333.693194
7818,333.680894
7819,333.664062
7820,333.642882
7821,333.617672
7822,333.588939
7823,333.557415
7824,333.524054
7825,333.489927
7826,333.456015
7827,333.423083
7828,333.391654
7829,333.362039
7830,333.33439
7831,333.308752
7832,333.2851
7833,333.263372
7834,333.243489
7835,333.225367
7836,333.208932
7837,333.194119
7838,333.180885
7839,333.169207
7840,333.159086
7841,333.150553
7842,333.143673
7843,333.138545
7844,333.135315
7845,333.134179
7846,333.135395
7847,333.139294
7848,333.146296
7849,333.15693
7850,333.171852
7851,333.191877
7852,333.218003
7853,333.251441
7854,333.293619
7855,333.346109
7856,333.410266
7857,333.459687
7858,333.497536
7859,333.525803
7860,333.545916
7861,333.558956
7862,333.565746
7863,333.566894
7864,333.562823
7865,333.55379
7866,333.539898
7867,333.521101
7868,333.497201
7869,333.467834
7870,333.432418
7871,333.390008
7872,333.521008
7873,333.547169
7874,333.569469
7875,333.587796
7876,333.602072
7877,333.612253
7878,333.618317
7879,333.620261
7880,333.618101
7881,333.611879
7882,333.601673
7883,333.587615
7884,333.569914
7885,333.548887
7886,333.524979
7887,333.498776
7888,333.470989
7889,333.44238
7890,333.413669
7891,333.38546
7892,333.358204
7893,333.332211
7894,333.307673
7895,333.284689
7896,333.263298
7897,333.243497
7898,333.22526
7899,333.20855
7900,333.193331
7901,333.179573
7902,333.167259
7903,333.156387
7904,333.146978
7905,333.139076
7906,333.132756
7907,333.128128
7908,333.125344
7909,333.124605
7910,333.126173
7911,333.13038
7912,333.137648
7913,333.148505
7914,333.163608
7915,333.18377
7916,333.20999
7917,333.243485
7918,333.285689
7919,333.338187
7920,333.402349
7921,333.451786
7922,333.489677
7923,333.518021
7924,333.538251
7925,333.55145
7926,333.558439
7927,333.559822
7928,333.556017
7929,333.547278
7930,333.533699
7931,333.515229
7932,333.491661
7933,333.462621
7934,333.427517
7935,333.385392
7936,333.45999
7937,333.48329
7938,333.503269
7939,333.5198
7940,333.53279
7941,333.542176
7942,333.547927
7943,333.550039
7944,333.548535
7945,333.543467
7946,333.534932
7947,333.523074
7948,333.508106
7949,333.490322
7950,333.470106
7951,333.447934
7952,333.424354
7953,333.399942
7954,333.375251
7955,333.350764
7956,333.326867
7957,333.303853
7958,333.281922
7959,333.261204
7960,333.241775
7961,333.22367
7962,333.206901
7963,333.191464
7964,333.177353
7965,333.164563
7966,333.153096
7967,333.142968
7968,333.134212
7969,333.126885
7970,333.121068
7971,333.116879
7972,333.114472
7973,333.114051
7974,333.115877
7975,333.120282
7976,333.127686
7977,333.138612
7978,333.153713
7979,333.173798
7980,333.199866
7981,333.233137
7982,333.275059
7983,333.32724
7984,333.391085
7985,333.440235
7986,333.477893
7987,333.506078
7988,333.526233
7989,333.539442
7990,333.546523
7991,333.548075
7992,333.544512
7993,333.536078
7994,333.522864
7995,333.504808
7996,333.481694
7997,333.453136
7998,333.418524
7999,333.376887
8000,333.409031
8001,333.429945
8002,333.447982
8003,333.462999
8004,333.474888
8005,333.483576
8006,333.489023
8007,333.491221
8008,333.490196
8009,333.486008
8010,333.478755
8011,333.468586
8012,333.455704
8013,333.440376
8014,333.422936
8015,333.40378
8016,333.383346
8017,333.362095
8018,333.340469
8019,333.318866
8020,333.297623
8021,333.277005
8022,333.257212
8023,333.238387
8024,333.220623
8025,333.203982
8026,333.188497
8027,333.174188
8028,333.161069
8029,333.149152
8030,333.138452
8031,333.129
8032,333.120836
8033,333.114024
8034,333.108651
8035,333.104835
8036,333.102734
8037,333.10255
8038,333.10454
8039,333.109033
8040,333.11644
8041,333.127277
8042,333.142187
8043,333.161972
8044,333.187624
8045,333.220362
8046,333.261652
8047,333.313138
8048,333.376293
8049,333.424801
8050,333.461915
8051,333.48968
8052,333.509552
8053,333.522614
8054,333.529678
8055,333.531335
8056,333.52799
8057,333.51988
8058,333.507088
8059,333.489544
8060,333.467024
8061,333.439125
8062,333.405216
8063,333.364292
8064,333.366685
8065,333.385645
8066,333.402097
8067,333.415871
8068,333.42684
8069,333.434923
8070,333.440074
8071,333.442284
8072,333.441577
8073,333.438014
8074,333.431693
8075,333.422758
8076,333.4114
8077,333.397861
8078,333.382438
8079,333.365469
8080,333.347326
8081,333.328391
8082,333.309039
8083,333.289611
8084,333.270403
8085,333.251659
8086,333.233572
8087,333.216285
8088,333.199902
8089,333.184494
8090,333.17011
8091,333.156782
8092,333.144536
8093,333.133393
8094,333.12338
8095,333.114532
8096,333.106895
8097,333.100536
8098,333.095545
8099,333.092038
8100,333.090172
8101,333.090142
8102,333.092202
8103,333.096671
8104,333.103948
8105,333.114536
8106,333.129062
8107,333.14831
8108,333.173257
8109,333.205114
8110,333.245355
8111,333.295674
8112,333.357666
8113,333.405089
8114,333.441283
8115,333.468333
8116,333.487694
8117,333.500443
8118,333.507376
8119,333.509072
8120,333.505925
8121,333.498162
8122,333.485858
8123,333.46894
8124,333.447174
8125,333.420146
8126,333.387196
8127,333.347267
8128,333.331824
8129,333.349267
8130,333.364492
8131,333.377287
8132,333.387514
8133,333.395085
8134,333.399952
8135,333.402105
8136,333.401567
8137,333.398396
8138,333.392688
8139,333.384579
8140,333.374247
8141,333.361919
8142,333.347861
8143,333.332378
8144,333.315801
8145,333.298468
8146,333.280712
8147,333.262839
8148,333.245118
8149,333.227775
8150,333.210994
8151,333.194914
8152,333.179639
8153,333.165243
8154,333.151781
8155,333.139288
8156,333.127796
8157,333.117331
8158,333.107922
8159,333.099605
8160,333.092431
8161,333.086465
8162,333.081793
8163,333.078531
8164,333.076827
8165,333.076873
8166,333.07891
8167,333.083244
8168,333.090259
8169,333.100437
8170,333.114382
8171,333.132848
8172,333.156781
8173,333.187362
8174,333.226045
8175,333.274557
8176,333.334677
8177,333.38041
8178,333.415226
8179,333.441216
8180,333.459817
8181,333.472074
8182,333.478759
8183,333.480429
8184,333.477461
8185,333.470073
8186,333.458334
8187,333.442169
8188,333.421344
8189,333.395444
8190,333.363794
8191,333.325263
8192,332.793871
8193,332.786227
8194,332.780106
8195,332.775093
8196,332.770922
8197,332.767412
8198,332.764427
8199,332.761862
8200,332.759633
8201,332.75767
8202,332.755915
8203,332.754317
8204,332.752832
8205,332.751422
8206,332.750052
8207,332.74869
8208,332.747311
8209,332.74589
8210,332.744405
8211,332.742839
8212,332.741179
8213,332.739411
8214,332.737529
8215,332.735526
8216,332.733401
8217,332.731152
8218,332.728783
8219,332.726296
8220,332.723696
8221,332.72099
8222,332.718181
8223,332.715276
8224,332.712276
8225,332.709182
8226,332.705991
8227,332.702696
8228,332.699288
8229,332.695752
8230,332.692072
8231,332.688233
8232,332.684218
8233,332.680015
8234,332.675612
8235,332.671003
8236,332.666183
8237,332.661152
8238,332.655912
8239,332.650471
8240,332.644839
8241,332.63903
8242,332.633063
8243,332.626961
8244,332.62075
8245,332.614461
8246,332.608124
8247,332.601774
8248,332.595442
8249,332.589158
8250,332.58295
8251,332.576846
8252,332.570872
8253,332.565055
8254,332.559429
8255,332.554042
8256,332.813473
8257,332.806161
8258,332.800118
8259,332.795088
8260,332.790867
8261,332.787296
8262,332.784248
8263,332.781622
8264,332.779336
8265,332.777319
8266,332.775513
8267,332.773866
8268,332.772333
8269,332.770874
8270,332.769453
8271,332.768038
8272,332.766601
8273,332.765117
8274,332.763562
8275,332.761919
8276,332.760173
8277,332.758311
8278,332.756326
8279,332.754211
8280,332.751964
8281,332.749586
8282,332.747077
8283,332.744444
8284,332.74169
8285,332.738823
8286,332.735849
8287,332.732772
8288,332.729596
8289,332.726323
8290,332.72295
8291,332.71947
8292,332.715872
8293,332.71214
8294,332.708258
8295,332.704207
8296,332.699971
8297,332.695535
8298,332.690887
8299,332.68602
8300,332.68093
8301,332.675616
8302,332.670081
8303,332.664332
8304,332.65838
8305,332.65224
8306,332.645931
8307,332.639478
8308,332.632908
8309,332.626254
8310,332.61955
8311,332.612832
8312,332.606133
8313,332.599485
8314,332.592918
8315,332.586458
8316,332.580131
8317,332.573964
8318,332.567983
8319,332.562217
8320,332.83157
8321,332.824847
8322,332.819136
8323,332.814295
8324,332.810183
8325,332.806674
8326,332.803663
8327,332.801057
8328,332.79878
8329,332.796765
8330,332.794955
8331,332.7933
8332,332.791754
8333,332.790277
8334,332.788832
8335,332.787387
8336,332.785912
8337,332.78438
8338,332.782769
8339,332.78106
8340,332.779235
8341,332.777284
8342,332.775197
8343,332.772969
8344,332.770597
8345,332.768083
8346,332.765428
8347,332.762639
8348,332.759722
8349,332.756683
8350,332.753531
8351,332.750273
8352,332.746913
8353,332.743453
8354,332.739891
8355,332.736222
8356,332.732433
8357,332.728507
8358,332.724425
8359,332.720165
8360,332.715708
8361,332.711039
8362,332.706147
8363,332.701022
8364,332.69566
8365,332.69006
8366,332.684226
8367,332.678165
8368,332.671887
8369,332.665408
8370,332.658748
8371,332.651932
8372,332.64499
8373,332.637958
8374,332.630872
8375,332.623771
8376,332.616692
8377,332.609667
8378,332.602727
8379,332.595898
8380,332.589203
8381,332.582665
8382,332.576304
8383,332.570136
8384,332.848584
8385,332.842542
8386,332.837305
8387,332.832793
8388,332.828914
8389,332.825574
8390,332.822687
8391,332.820175
8392,332.81797
8393,332.816011
8394,332.814244
8395,332.812621
8396,332.811096
8397,332.809632
8398,332.80819
8399,332.806738
8400,332.805244
8401,332.803682
8402,332.802028
8403,332.800261
8404,332.798365
8405,332.796328
8406,332.79414
8407,332.791797
8408,332.789297
8409,332.786641
8410,332.783832
8411,332.780877
8412,332.777785
8413,332.774563
8414,332.771221
8415,332.767769
8416,332.764212
8417,332.760555
8418,332.756798
8419,332.752935
8420,332.748953
8421,332.744833
8422,332.740551
8423,332.736082
8424,332.731406
8425,332.726504
8426,332.721366
8427,332.715981
8428,332.710345
8429,332.704457
8430,332.698321
8431,332.691943
8432,332.685334
8433,332.67851
8434,332.67149
8435,332.664302
8436,332.656977
8437,332.649553
8438,332.642072
8439,332.634576
8440,332.627105
8441,332.619693
8442,332.612369
8443,332.605159
8444,332.598084
8445,332.591163
8446,332.584411
8447,332.577837
8448,332.864779
8449,332.859452
8450,332.854766
8451,332.850677
8452,332.847123
8453,332.844036
8454,332.841349
8455,332.838997
8456,332.836921
8457,332.835068
8458,332.833386
8459,332.831832
8460,332.830363
8461,332.82894
8462,332.827527
8463,332.82609
8464,332.824598
8465,332.823022
8466,332.821337
8467,332.819523
8468,332.817562
8469,332.815442
8470,332.813154
8471,332.810694
8472,332.80806
8473,332.805254
8474,332.802282
8475,332.799151
8476,332.79587
8477,332.792451
8478,332.788905
8479,332.785244
8480,332.781477
8481,332.777611
8482,332.773648
8483,332.769582
8484,332.765402
8485,332.761085
8486,332.756602
8487,332.751924
8488,332.747025
8489,332.74189
8490,332.736503
8491,332.730856
8492,332.724943
8493,332.718765
8494,332.712324
8495,332.705626
8496,332.698682
8497,332.691508
8498,332.684124
8499,332.676557
8500,332.668839
8501,332.661013
8502,332.653126
8503,332.645226
8504,332.637354
8505,332.629547
8506,332.621832
8507,332.614234
8508,332.606773
8509,332.599464
8510,332.592317
8511,332.585338
8512,332.88034
8513,332.87574
8514,332.87165
8515,332.868044
8516,332.864881
8517,332.862113
8518,332.859686
8519,332.85755
8520,332.855653
8521,332.853949
8522,332.852392
8523,332.850943
8524,332.84956
8525,332.848206
8526,332.846846
8527,332.845446
8528,332.843973
8529,332.842398
8530,332.840695
8531,332.838842
8532,332.836822
8533,332.834622
8534,332.832233
8535,332.829652
8536,332.826878
8537,332.823914
8538,332.820768
8539,332.817447
8540,332.813964
8541,332.810332
8542,332.806565
8543,332.802678
8544,332.798684
8545,332.794592
8546,332.790408
8547,332.786128
8548,332.781741
8549,332.777221
8550,332.772531
8551,332.767637
8552,332.762513
8553,332.757138
8554,332.751499
8555,332.745586
8556,332.739395
8557,332.732924
8558,332.726176
8559,332.719156
8560,332.711876
8561,332.70435
8562,332.696599
8563,332.68865
8564,332.680536
8565,332.672301
8566,332.664002
8567,332.655693
8568,332.647418
8569,332.639212
8570,332.631104
8571,332.623117
8572,332.615267
8573,332.607568
8574,332.600028
8575,332.59265
8576,332.895406
8577,332.891535
8578,332.888065
8579,332.884982
8580,332.882259
8581,332.879859
8582,332.877742
8583,332.875866
8584,332.87419
8585,332.872673
8586,332.871276
8587,332.869962
8588,332.868693
8589,332.867434
8590,332.866149
8591,332.864806
8592,332.863369
8593,332.861809
8594,332.860098
8595,332.858214
8596,332.856138
8597,332.853858
8598,332.851366
8599,332.848659
8600,332.845738
8601,332.842607
8602,332.839274
8603,332.83575
8604,332.832049
8605,332.828187
8606,332.82418
8607,332.820047
8608,332.815805
8609,332.811468
8610,332.807044
8611,332.802532
8612,332.79792
8613,332.793181
8614,332.788272
8615,332.783152
8616,332.777791
8617,332.77217
8618,332.766273
8619,332.760091
8620,332.753618
8621,332.746852
8622,332.739796
8623,332.732455
8624,332.724839
8625,332.716963
8626,332.708847
8627,332.700518
8628,332.69201
8629,332.683372
8630,332.674665
8631,332.665951
8632,332.657274
8633,332.648673
8634,332.640173
8635,332.631798
8636,332.623562
8637,332.615476
8638,332.607547
8639,332.599777
8640,332.910088
8641,332.906942
8642,332.904107
8643,332.901574
8644,332.899324
8645,332.897329
8646,332.89556
8647,332.893982
8648,332.892561
8649,332.891263
8650,332.890054
8651,332.888901
8652,332.887769
8653,332.886626
8654,332.885437
8655,332.884167
8656,332.882782
8657,332.881249
8658,332.879539
8659,332.877628
8660,332.875498
8661,332.873137
8662,332.870538
8663,332.867699
8664,332.864621
8665,332.861312
8666,332.857779
8667,332.854037
8668,332.850101
8669,332.845989
8670,332.841721
8671,332.83732
8672,332.832807
8673,332.828201
8674,332.823514
8675,332.818748
8676,332.81389
8677,332.808911
8678,332.803764
8679,332.798402
8680,332.792794
8681,332.786916
8682,332.780755
8683,332.774298
8684,332.76754
8685,332.760478
8686,332.753113
8687,332.745452
8688,332.737504
8689,332.729282
8690,332.720807
8691,332.712106
8692,332.703215
8693,332.694183
8694,332.685081
8695,332.67597
8696,332.666901
8697,332.65791
8698,332.649026
8699,332.640268
8700,332.631651
8701,332.623185
8702,332.614874
8703,332.60672
8704,332.924474
8705,332.922051
8706,332.91986
8707,332.917894
8708,332.916141
8709,332.91458
8710,332.913186
8711,332.911934
8712,332.910796
8713,332.909742
8714,332.908744
8715,332.907772
8716,332.906797
8717,332.905786
8718,332.904708
8719,332.903526
8720,332.902205
8721,332.900708
8722,332.899004
8723,332.897069
8724,332.894884
8725,332.892438
8726,332.889725
8727,332.886745
8728,332.883501
8729,332.88
8730,332.876254
8731,332.872277
8732,332.868088
8733,332.863706
8734,332.859155
8735,332.854462
8736,332.849653
8737,332.844753
8738,332.839778
8739,332.834733
8740,332.829605
8741,332.824364
8742,332.818958
8743,332.813337
8744,332.807467
8745,332.801323
8746,332.794889
8747,332.788152
8748,332.781105
8749,332.773746
8750,332.766075
8751,332.758097
8752,332.749821
8753,332.741261
8754,332.732436
8755,332.723374
8756,332.714113
8757,332.704704
8758,332.69522
8759,332.685728
8760,332.676279
8761,332.66691
8762,332.65765
8763,332.648519
8764,332.63953
8765,332.630692
8766,332.622008
8767,332.613479
8768,332.938642
8769,332.936938
8770,332.935396
8771,332.93401
8772,332.932771
8773,332.931662
8774,332.930666
8775,332.929761
8776,332.928925
8777,332.928134
8778,332.927364
8779,332.926589
8780,332.925782
8781,332.924916
8782,332.923958
8783,332.922874
8784,332.921625
8785,332.920169
8786,332.918472
8787,332.91651
8788,332.914266
8789,332.911728
8790,332.908893
8791,332.905761
8792,332.902338
8793,332.898633
8794,332.894658
8795,332.89043
8796,332.885969
8797,332.881297
8798,332.876442
8799,332.871432
8800,332.866301
8801,332.861081
8802,332.855794
8803,332.850445
8804,332.845024
8805,332.839498
8806,332.833813
8807,332.827915
8808,332.821769
8809,332.815348
8810,332.808633
8811,332.80161
8812,332.794273
8813,332.786617
8814,332.778642
8815,332.770352
8816,332.761755
8817,332.752866
8818,332.743703
8819,332.734294
8820,332.724679
8821,332.714911
8822,332.705063
8823,332.695206
8824,332.685391
8825,332.675659
8826,332.666036
8827,332.656543
8828,332.647193
8829,332.637994
8830,332.628947
8831,332.620054
8832,332.952657
8833,332.951671
8834,332.950781
8835,332.949983
8836,332.94927
8837,332.948628
8838,332.948045
8839,332.947502
8840,332.946982
8841,332.946465
8842,332.945933
8843,332.945363
8844,332.944732
8845,332.944015
8846,332.943182
8847,332.942198
8848,332.941022
8849,332.939606
8850,332.937913
8851,332.935917
8852,332.933604
8853,332.930964
8854,332.927994
8855,332.924698
8856,332.921081
8857,332.917156
8858,332.912937
8859,332.908441
8860,332.903691
8861,332.898711
8862,332.893531
8863,332.888182
8864,332.882704
8865,332.87714
8866,332.871517
8867,332.865844
8868,332.860108
8869,332.854277
8870,332.848293
8871,332.842103
8872,332.835668
8873,332.828958
8874,332.821954
8875,332.814642
8876,332.807012
8877,332.799059
8878,332.790783
8879,332.782187
8880,332.773279
8881,332.764072
8882,332.754584
8883,332.744845
8884,332.734894
8885,332.724784
8886,332.714592
8887,332.704388
8888,332.694227
8889,332.684147
8890,332.674177
8891,332.664337
8892,332.654638
8893,332.645088
8894,332.635691
8895,332.626444
8896,332.96658
8897,332.96631
8898,332.966075
8899,332.965872
8900,332.965692
8901,332.965528
8902,332.965366
8903,332.965194
8904,332.964998
8905,332.964763
8906,332.964473
8907,332.964109
8908,332.963654
8909,332.963083
8910,332.962369
8911,332.961479
8912,332.960369
8913,332.958981
8914,332.957279
8915,332.955237
8916,332.952841
8917,332.950083
8918,332.946964
8919,332.943487
8920,332.939661
8921,332.9355
8922,332.93102
8923,332.926241
8924,332.921186
8925,332.915881
8926,332.910359
8927,332.904654
8928,332.898811
8929,332.892885
8930,332.886908
8931,332.88089
8932,332.874821
8933,332.868666
8934,332.862368
8935,332.855871
8936,332.849134
8937,332.842126
8938,332.834827
8939,332.82722
8940,332.819296
8941,332.811049
8942,332.802478
8943,332.793583
8944,332.784374
8945,332.774861
8946,332.765065
8947,332.755012
8948,332.744743
8949,332.734313
8950,332.723797
8951,332.713267
8952,332.702778
8953,332.692369
8954,332.682068
8955,332.671895
8956,332.661862
8957,332.651976
8958,332.642238
8959,332.632649
8960,332.980467
8961,332.980913
8962,332.981336
8963,332.981731
8964,332.982091
8965,332.982409
8966,332.982675
8967,332.982878
8968,332.983009
8969,332.983056
8970,332.983005
8971,332.982844
8972,332.982556
8973,332.982121
8974,332.981513
8975,332.980698
8976,332.979632
8977,332.978254
8978,332.976522
8979,332.974414
8980,332.971916
8981,332.969021
8982,332.965733
8983,332.962058
8984,332.958006
8985,332.953592
8986,332.948835
8987,332.943757
8988,332.938381
8989,332.932738
8990,332.92686
8991,332.920788
8992,332.914571
8993,332.908271
8994,332.901926
8995,332.895549
8996,332.889131
8997,332.882638
8998,332.876012
8999,332.869194
9000,332.862145
9001,332.854831
9002,332.847231
9003,332.839327
9004,332.83111
9005,332.822571
9006,332.81371
9007,332.804526
9008,332.795026
9009,332.785222
9010,332.775133
9011,332.764786
9012,332.75422
9013,332.743489
9014,332.732671
9015,332.721837
9016,332.71104
9017,332.700321
9018,332.689708
9019,332.679219
9020,332.668866
9021,332.658656
9022,332.648592
9023,332.638671
9024,332.99437
9025,332.995535
9026,332.996618
9027,332.997614
9028,332.998518
9029,332.99932
9030,333.000015
9031,333.000594
9032,333.00105
9033,333.001374
9034,333.001556
9035,333.001587
9036,333.001453
9037,333.001135
9038,333.000611
9039,332.999848
9040,332.9988
9041,332.997402
9042,332.995616
9043,332.993416
9044,332.990791
9045,332.987737
9046,332.984258
9047,332.980363
9048,332.976065
9049,332.971381
9050,332.96633
9051,332.960937
9052,332.955227
9053,332.949233
9054,332.942991
9055,332.936543
9056,332.929944
9057,332.923262
9058,332.916539
9059,332.909792
9060,332.903013
9061,332.89617
9062,332.889202
9063,332.882054
9064,332.874683
9065,332.867056
9066,332.859151
9067,332.850949
9068,332.84244
9069,332.833614
9070,332.824469
9071,332.815005
9072,332.805228
9073,332.795148
9074,332.784784
9075,332.774161
9076,332.763319
9077,332.752311
9078,332.741213
9079,332.730095
9080,332.719013
9081,332.708004
9082,332.697097
9083,332.686309
9084,332.675652
9085,332.665133
9086,332.654754
9087,332.644513
9088,333.00834
9089,333.010226
9090,333.011973
9091,333.013574
9092,333.015022
9093,333.016311
9094,333.017434
9095,333.018385
9096,333.019159
9097,333.019751
9098,333.020154
9099,333.020361
9100,333.02036
9101,333.020138
9102,333.019671
9103,333.01893
9104,333.017867
9105,333.016418
9106,333.014545
9107,333.012224
9108,333.009444
9109,333.006204
9110,333.002509
9111,332.998372
9112,332.993806
9113,332.988831
9114,332.983469
9115,332.977746
9116,332.97169
9117,332.965334
9118,332.958718
9119,332.951887
9120,332.9449
9121,332.937829
9122,332.930721
9123,332.923595
9124,332.916446
9125,332.909241
9126,332.901923
9127,332.894435
9128,332.886735
9129,332.878791
9130,332.870578
9131,332.862078
9132,332.853278
9133,332.84417
9134,332.83475
9135,332.825018
9136,332.814977
9137,332.804637
9138,332.794016
9139,332.783138
9140,332.772042
9141,332.760778
9142,332.749423
9143,332.738046
9144,332.7267
9145,332.715422
9146,332.70424
9147,332.693171
9148,332.682226
9149,332.671412
9150,332.660731
9151,332.650181
9152,333.022426
9153,333.02504
9154,333.027455
9155,333.029663
9156,333.031657
9157,333.03343
9158,333.034977
9159,333.036294
9160,333.037378
9161,333.038224
9162,333.038831
9163,333.039192
9164,333.039301
9165,333.039145
9166,333.038705
9167,333.037951
9168,333.036838
9169,333.035303
9170,333.033308
9171,333.030831
9172,333.027864
9173,333.024407
9174,333.020469
9175,333.016063
9176,333.011206
9177,333.005921
9178,333.00023
9179,332.994161
9180,332.987745
9181,332.981018
9182,332.974019
9183,332.9668
9184,332.959419
9185,332.951954
9186,332.944454
9187,332.936942
9188,332.929413
9189,332.921839
9190,332.914162
9191,332.906328
9192,332.898294
9193,332.890028
9194,332.881505
9195,332.872708
9196,332.863623
9197,332.85424
9198,332.844554
9199,332.834564
9200,332.824274
9201,332.813692
9202,332.802833
9203,332.791721
9204,332.780393
9205,332.768898
9206,332.75731
9207,332.745696
9208,332.734108
9209,332.722582
9210,332.711145
9211,332.699812
9212,332.688596
9213,332.677501
9214,332.66653
9215,332.655682
9216,333.036679
9217,333.040028
9218,333.043116
9219,333.045934
9220,333.048474
9221,333.050729
9222,333.052695
9223,333.054368
9224,333.055748
9225,333.056832
9226,333.057621
9227,333.058113
9228,333.058303
9229,333.058182
9230,333.057732
9231,333.056927
9232,333.055725
9233,333.054064
9234,333.051908
9235,333.049238
9236,333.046048
9237,333.042341
9238,333.038128
9239,333.033426
9240,333.028254
9241,333.022635
9242,333.016596
9243,333.010166
9244,333.003378
9245,332.996268
9246,332.98888
9247,332.981265
9248,332.973486
9249,332.965622
9250,332.957726
9251,332.949821
9252,332.941907
9253,332.933956
9254,332.925915
9255,332.917728
9256,332.909356
9257,332.900766
9258,332.891935
9259,332.882843
9260,332.873476
9261,332.863826
9262,332.853885
9263,332.843651
9264,332.833126
9265,332.822319
9266,332.811242
9267,332.799919
9268,332.788382
9269,332.77668
9270,332.764883
9271,332.753056
9272,332.741249
9273,332.729497
9274,332.717823
9275,332.706244
9276,332.694772
9277,332.68341
9278,332.672162
9279,332.661026
9280,333.051148
9281,333.055241
9282,333.05901
9283,333.062441
9284,333.065527
9285,333.068261
9286,333.070638
9287,333.072656
9288,333.074316
9289,333.075618
9290,333.076566
9291,333.077159
9292,333.077398
9293,333.077274
9294,333.076776
9295,333.075879
9296,333.074544
9297,333.072714
9298,333.070354
9299,333.06745
9300,333.063998
9301,333.060005
9302,333.055484
9303,333.050456
9304,333.044941
9305,333.038967
9306,333.03256
9307,333.025753
9308,333.018579
9309,333.011078
9310,333.003293
9311,332.995277
9312,332.987095
9313,332.978828
9314,332.970531
9315,332.962229
9316,332.953924
9317,332.945592
9318,332.937181
9319,332.928638
9320,332.919925
9321,332.911012
9322,332.901873
9323,332.89249
9324,332.882849
9325,332.87294
9326,332.862754
9327,332.85229
9328,332.841547
9329,332.830533
9330,332.819259
9331,332.807745
9332,332.796023
9333,332.784139
9334,332.772157
9335,332.760142
9336,332.748139
9337,332.73618
9338,332.724289
9339,332.712482
9340,332.700768
9341,332.689153
9342,332.677638
9343,332.666225
9344,333.065885
9345,333.070734
9346,333.07519
9347,333.079239
9348,333.082871
9349,333.086079
9350,333.088858
9351,333.091208
9352,333.093131
9353,333.094629
9354,333.095707
9355,333.09637
9356,333.09662
9357,333.096455
9358,333.095865
9359,333.094831
9360,333.093317
9361,333.09127
9362,333.088661
9363,333.085478
9364,333.081722
9365,333.077404
9366,333.07254
9367,333.067153
9368,333.061268
9369,333.054913
9370,333.048119
9371,333.040918
9372,333.033345
9373,333.025442
9374,333.017253
9375,333.008832
9376,333.000244
9377,332.991572
9378,332.982871
9379,332.97417
9380,332.965471
9381,332.956753
9382,332.947967
9383,332.939066
9384,332.930012
9385,332.920776
9386,332.911333
9387,332.901666
9388,332.891758
9389,332.881599
9390,332.871181
9391,332.8605
9392,332.849556
9393,332.838353
9394,332.826902
9395,332.815221
9396,332.803338
9397,332.791295
9398,332.779155
9399,332.766974
9400,332.754796
9401,332.742652
9402,332.730562
9403,332.718542
9404,332.706601
9405,332.694744
9406,332.682975
9407,332.671292
9408,333.080942
9409,333.08656
9410,333.091713
9411,333.096385
9412,333.100563
9413,333.104241
9414,333.107413
9415,333.11008
9416,333.112244
9417,333.113912
9418,333.115091
9419,333.115789
9420,333.116011
9421,333.11576
9422,333.115032
9423,333.11381
9424,333.112067
9425,333.109754
9426,333.106846
9427,333.103336
9428,333.099232
9429,333.094546
9430,333.089301
9431,333.083521
9432,333.077235
9433,333.070475
9434,333.063271
9435,333.055659
9436,333.047676
9437,333.039362
9438,333.030763
9439,333.021933
9440,333.012938
9441,333.00386
9442,332.994755
9443,332.985652
9444,332.976557
9445,332.967451
9446,332.95829
9447,332.949031
9448,332.939637
9449,332.930082
9450,332.920341
9451,332.910395
9452,332.90023
9453,332.889833
9454,332.879196
9455,332.868312
9456,332.857182
9457,332.845808
9458,332.8342
9459,332.822373
9460,332.810353
9461,332.798177
9462,332.785901
9463,332.773578
9464,332.761247
9465,332.748936
9466,332.736664
9467,332.724446
9468,332.71229
9469,332.700203
9470,332.688187
9471,332.676243
9472,333.09637
9473,333.102774
9474,333.108635
9475,333.113936
9476,333.118662
9477,333.122804
9478,333.126358
9479,333.129326
9480,333.131711
9481,333.133521
9482,333.134768
9483,333.135461
9484,333.135613
9485,333.135229
9486,333.134311
9487,333.13285
9488,333.130823
9489,333.128189
9490,333.124928
9491,333.121042
9492,333.11654
9493,333.111442
9494,333.105775
9495,333.099566
9496,333.092849
9497,333.085656
9498,333.078021
9499,333.069981
9500,333.061574
9501,333.052841
9502,333.043828
9503,333.034588
9504,333.025185
9505,333.015703
9506,333.006196
9507,332.996694
9508,332.987204
9509,332.97771
9510,332.968175
9511,332.958559
9512,332.948831
9513,332.938962
9514,332.928931
9515,332.918717
9516,332.908305
9517,332.897682
9518,332.886838
9519,332.875767
9520,332.864467
9521,332.85294
9522,332.841193
9523,332.829241
9524,332.817105
9525,332.804819
9526,332.79243
9527,332.779986
9528,332.76752
9529,332.755059
9530,332.742619
9531,332.730216
9532,332.717857
9533,332.70555
9534,332.693296
9535,332.681097
9536,333.112225
9537,333.119432
9538,333.126015
9539,333.131951
9540,333.137226
9541,333.141828
9542,333.145754
9543,333.149005
9544,333.151587
9545,333.15351
9546,333.154789
9547,333.155437
9548,333.155471
9549,333.154903
9550,333.153741
9551,333.151984
9552,333.149615
9553,333.146601
9554,333.142932
9555,333.138613
9556,333.133663
9557,333.128106
9558,333.121974
9559,333.115299
9560,333.108116
9561,333.100462
9562,333.092374
9563,333.083889
9564,333.075046
9565,333.065886
9566,333.056455
9567,333.046805
9568,333.036999
9569,333.027118
9570,333.017215
9571,333.00732
9572,332.99744
9573,332.987562
9574,332.977658
9575,332.967694
9576,332.957638
9577,332.947467
9578,332.937155
9579,332.926685
9580,332.916038
9581,332.905201
9582,332.894165
9583,332.882921
9584,332.871466
9585,332.859802
9586,332.847933
9587,332.835873
9588,332.823641
9589,332.811264
9590,332.798783
9591,332.786235
9592,332.77365
9593,332.761051
9594,332.748456
9595,332.735878
9596,332.723326
9597,332.710806
9598,332.698321
9599,332.685873
9600,333.128559
9601,333.136592
9602,333.143911
9603,333.150492
9604,333.156317
9605,333.161375
9606,333.165661
9607,333.169177
9608,333.171931
9609,333.173936
9610,333.175208
9611,333.175767
9612,333.175634
9613,333.174828
9614,333.173364
9615,333.171248
9616,333.168475
9617,333.165019
9618,333.16088
9619,333.156072
9620,333.150619
9621,333.144553
9622,333.13791
9623,333.130728
9624,333.123047
9625,333.114904
9626,333.106339
9627,333.097392
9628,333.088101
9629,333.078507
9630,333.068656
9631,333.058599
9632,333.048395
9633,333.038124
9634,333.027836
9635,333.017559
9636,333.007302
9637,332.997055
9638,332.986795
9639,332.976495
9640,332.966126
9641,332.955664
9642,332.945087
9643,332.934373
9644,332.923505
9645,332.91247
9646,332.901255
9647,332.889852
9648,332.878257
9649,332.86647
9650,332.854494
9651,332.84234
9652,332.830023
9653,332.817569
9654,332.805006
9655,332.792365
9656,332.779671
9657,332.766946
9658,332.754205
9659,332.741461
9660,332.728722
9661,332.715995
9662,332.703284
9663,332.690591
9664,333.145428
9665,333.154308
9666,333.16238
9667,333.169616
9668,333.175994
9669,333.181504
9670,333.186139
9671,333.189901
9672,333.192801
9673,333.194854
9674,333.19608
9675,333.196503
9676,333.19615
9677,333.195048
9678,333.19322
9679,333.190681
9680,333.187436
9681,333.183473
9682,333.178799
9683,333.17344
9684,333.167427
9685,333.1608
9686,333.1536
9687,333.14587
9688,333.137653
9689,333.128992
9690,333.119927
9691,333.110499
9692,333.100748
9693,333.090716
9694,333.080445
9695,333.069985
9696,333.059392
9697,333.048742
9698,333.038084
9699,333.027443
9700,333.016827
9701,333.006231
9702,332.995635
9703,332.985018
9704,332.974354
9705,332.96362
9706,332.952792
9707,332.941851
9708,332.930778
9709,332.919559
9710,332.908181
9711,332.896633
9712,332.884912
9713,332.873014
9714,332.860942
9715,332.848704
9716,332.836312
9717,332.823785
9718,332.811146
9719,332.798418
9720,332.785622
9721,332.772777
9722,332.759896
9723,332.746991
9724,332.734071
9725,332.721142
9726,332.708209
9727,332.695274
9728,333.162882
9729,333.172637
9730,333.181481
9731,333.189382
9732,333.196318
9733,333.202275
9734,333.207247
9735,333.211236
9736,333.214255
9737,333.216322
9738,333.217459
9739,333.217698
9740,333.217071
9741,333.215612
9742,333.213353
9743,333.210322
9744,333.206535
9745,333.201994
9746,333.196718
9747,333.190744
9748,333.184112
9749,333.176869
9750,333.169063
9751,333.160742
9752,333.151953
9753,333.142742
9754,333.133152
9755,333.123226
9756,333.113004
9757,333.102527
9758,333.091837
9759,333.080981
9760,333.070011
9761,333.058998
9762,333.047986
9763,333.037
9764,333.026048
9765,333.015125
9766,333.004218
9767,332.993307
9768,332.982368
9769,332.971381
9770,332.960322
9771,332.949171
9772,332.937911
9773,332.926524
9774,332.914997
9775,332.90332
9776,332.891484
9777,332.879488
9778,332.86733
9779,332.855015
9780,332.842553
9781,332.829958
9782,332.817245
9783,332.804433
9784,332.791539
9785,332.778577
9786,332.76556
9787,332.752499
9788,332.7394
9789,332.726272
9790,332.713118
9791,332.699943
9792,333.180972
9793,333.19163
9794,333.201266
9795,333.209846
9796,333.217344
9797,333.223744
9798,333.229041
9799,333.233239
9800,333.236349
9801,333.238393
9802,333.239399
9803,333.239403
9804,333.238444
9805,333.236565
9806,333.233808
9807,333.230212
9808,333.225809
9809,333.220616
9810,333.214668
9811,333.208012
9812,333.200699
9813,333.192784
9814,333.184322
9815,333.175365
9816,333.165967
9817,333.156175
9818,333.146036
9819,333.135593
9820,333.124888
9821,333.113961
9822,333.102853
9823,333.091608
9824,333.080274
9825,333.068914
9826,333.057567
9827,333.046257
9828,333.034992
9829,333.023768
9830,333.012573
9831,333.001391
9832,332.990201
9833,332.978982
9834,332.967713
9835,332.956373
9836,332.944942
9837,332.933405
9838,332.921746
9839,332.909953
9840,332.898017
9841,332.885933
9842,332.873697
9843,332.861313
9844,332.848786
9845,332.836124
9846,332.82334
9847,332.810446
9848,332.797455
9849,332.784379
9850,332.771228
9851,332.758011
9852,332.744736
9853,332.73141
9854,332.718036
9855,332.70462
9856,333.199743
9857,333.211333
9858,333.221784
9859,333.231056
9860,333.239122
9861,333.245963
9862,333.251574
9863,333.255958
9864,333.259131
9865,333.261116
9866,333.261947
9867,333.261664
9868,333.260315
9869,333.257952
9870,333.254626
9871,333.250392
9872,333.245295
9873,333.239376
9874,333.232684
9875,333.225279
9876,333.217222
9877,333.208578
9878,333.199408
9879,333.189771
9880,333.179725
9881,333.16932
9882,333.158606
9883,333.147628
9884,333.136427
9885,333.125044
9886,333.113519
9887,333.101891
9888,333.090205
9889,333.078514
9890,333.066851
9891,333.055238
9892,333.043681
9893,333.032179
9894,333.020722
9895,333.009294
9896,332.997877
9897,332.98645
9898,332.974992
9899,332.963482
9900,332.951902
9901,332.940232
9902,332.928457
9903,332.916564
9904,332.904541
9905,332.89238
9906,332.880077
9907,332.867631
9908,332.855042
9909,332.842318
9910,332.829463
9911,332.816488
9912,332.803401
9913,332.790211
9914,332.776927
9915,332.763556
9916,332.750105
9917,332.73658
9918,332.722986
9919,332.709329
9920,333.219232
9921,333.231786
9922,333.243075
9923,333.253055
9924,333.261694
9925,333.268974
9926,333.274887
9927,333.279438
9928,333.282645
9929,333.284534
9930,333.285144
9931,333.284522
9932,333.282723
9933,333.279809
9934,333.275846
9935,333.2709
9936,333.265036
9937,333.258316
9938,333.250808
9939,333.242586
9940,333.233722
9941,333.22429
9942,333.214361
9943,333.203999
9944,333.193266
9945,333.182218
9946,333.170904
9947,333.159371
9948,333.147661
9949,333.135814
9950,333.123868
9951,333.111862
9952,333.099833
9953,333.087822
9954,333.075858
9955,333.06396
9956,333.052133
9957,333.040377
9958,333.028681
9959,333.017032
9960,333.005411
9961,332.9938
9962,332.982176
9963,332.970519
9964,332.958809
9965,332.947027
9966,332.935154
9967,332.923176
9968,332.91108
9969,332.898855
9970,332.886494
9971,332.873992
9972,332.861349
9973,332.848564
9974,332.835642
9975,332.822587
9976,332.809406
9977,332.796103
9978,332.782686
9979,332.769161
9980,332.755533
9981,332.741808
9982,332.727993
9983,332.714091
9984,333.239466
9985,333.253018
9986,333.265169
9987,333.275872
9988,333.285091
9989,333.292806
9990,333.29901
9991,333.303708
9992,333.306919
9993,333.308674
9994,333.309017
9995,333.308002
9996,333.305694
9997,333.302165
9998,333.297495
9999,333.291766
10000,333.285063
10001,333.27747
10002,333.269076
10003,333.259969
10004,333.250235
10005,333.239959
10006,333.229219
10007,333.218088
10008,333.206631
10009,333.194907
10010,333.182968
10011,333.170861
10012,333.158629
10013,333.14631
10014,333.133939
10015,333.121552
10016,333.109181
10017,333.096858
10018,333.084605
10019,333.072438
10020,333.06036
10021,333.048371
10022,333.03646
10023,333.024614
10024,333.012815
10025,333.001043
10026,332.989278
10027,332.977496
10028,332.965678
10029,332.953803
10030,332.941851
10031,332.929806
10032,332.917652
10033,332.905376
10034,332.892968
10035,332.88042
10036,332.867728
10037,332.854889
10038,332.841902
10039,332.82877
10040,332.815495
10041,332.80208
10042,332.78853
10043,332.77485
10044,332.761044
10045,332.747118
10046,332.733078
10047,332.718929
10048,333.260456
10049,333.275039
10050,333.288078
10051,333.299519
10052,333.309324
10053,333.317473
10054,333.323955
10055,333.328779
10056,333.331966
10057,333.333549
10058,333.333579
10059,333.332118
10060,333.329239
10061,333.325029
10062,333.319581
10063,333.312997
10064,333.305383
10065,333.296846
10066,333.287493
10067,333.277433
10068,333.266766
10069,333.255589
10070,333.243989
10071,333.232046
10072,333.219829
10073,333.2074
10074,333.194813
10075,333.182115
10076,333.169347
10077,333.156546
10078,333.143746
10079,333.130975
10080,333.118263
10081,333.105632
10082,333.093101
10083,333.080679
10084,333.068369
10085,333.056167
10086,333.044064
10087,333.032046
10088,333.020093
10089,333.008186
10090,332.996302
10091,332.98442
10092,332.972517
10093,332.960571
10094,332.94856
10095,332.936466
10096,332.92427
10097,332.911958
10098,332.899515
10099,332.886932
10100,332.874199
10101,332.861312
10102,332.848266
10103,332.83506
10104,332.821693
10105,332.808167
10106,332.794485
10107,332.780648
10108,332.766663
10109,332.752533
10110,332.738264
10111,332.723863
10112,333.282193
10113,333.297841
10114,333.31179
10115,333.323984
10116,333.334383
10117,333.342961
10118,333.349711
10119,333.35464
10120,333.357772
10121,333.359147
10122,333.358818
10123,333.356856
10124,333.353346
10125,333.348386
10126,333.342089
10127,333.334576
10128,333.325975
10129,333.316417
10130,333.306035
10131,333.294954
10132,333.283292
10133,333.271159
10134,333.258652
10135,333.245856
10136,333.232846
10137,333.219686
10138,333.20643
10139,333.193125
10140,333.17981
10141,333.166521
10142,333.153286
10143,333.140131
10144,333.127079
10145,333.114146
10146,333.101346
10147,333.088683
10148,333.076159
10149,333.063766
10150,333.051494
10151,333.039326
10152,333.027244
10153,333.015227
10154,333.003252
10155,332.991294
10156,332.97933
10157,332.967335
10158,332.955287
10159,332.943164
10160,332.930945
10161,332.918613
10162,332.90615
10163,332.893543
10164,332.88078
10165,332.867853
10166,332.854754
10167,332.841478
10168,332.828023
10169,332.814388
10170,332.800573
10171,332.78658
10172,332.772413
10173,332.758076
10174,332.743574
10175,332.728916
10176,333.304641
10177,333.321383
10178,333.336266
10179,333.349227
10180,333.360222
10181,333.369226
10182,333.376231
10183,333.381245
10184,333.384295
10185,333.385423
10186,333.38469
10187,333.382174
10188,333.377971
10189,333.372194
10190,333.364974
10191,333.356453
10192,333.346787
10193,333.336132
10194,333.324646
10195,333.312477
10196,333.299761
10197,333.28662
10198,333.273161
10199,333.259477
10200,333.245645
10201,333.231731
10202,333.217789
10203,333.203865
10204,333.189996
10205,333.176214
10206,333.162543
10207,333.149005
10208,333.135617
10209,333.122391
10210,333.109333
10211,333.096445
10212,333.083724
10213,333.071161
10214,333.058742
10215,333.04645
10216,333.034266
10217,333.022165
10218,333.010124
10219,332.998116
10220,332.986116
10221,332.974098
10222,332.962036
10223,332.949906
10224,332.937685
10225,332.92535
10226,332.912883
10227,332.900267
10228,332.887486
10229,332.874528
10230,332.861384
10231,332.848045
10232,332.834506
10233,332.820764
10234,332.806818
10235,332.792668
10236,332.778317
10237,332.763769
10238,332.74903
10239,332.734108
10240,333.327725
10241,333.345589
10242,333.361423
10243,333.37516
10244,333.386755
10245,333.39618
10246,333.403426
10247,333.408505
10248,333.411445
10249,333.412292
10250,333.411111
10251,333.40799
10252,333.403034
10253,333.396373
10254,333.388154
10255,333.378547
10256,333.367734
10257,333.355904
10258,333.343241
10259,333.329918
10260,333.316091
10261,333.301895
10262,333.287447
10263,333.272845
10264,333.258168
10265,333.243483
10266,333.228845
10267,333.214295
10268,333.199869
10269,333.185593
10270,333.17149
10271,333.157574
10272,333.143858
10273,333.130348
10274,333.117046
10275,333.10395
10276,333.091052
10277,333.078341
10278,333.0658
10279,333.05341
10280,333.041149
10281,333.028992
10282,333.016912
10283,333.004883
10284,332.992875
10285,332.980859
10286,332.968809
10287,332.956695
10288,332.944493
10289,332.932177
10290,332.919725
10291,332.907115
10292,332.89433
10293,332.881354
10294,332.868174
10295,332.85478
10296,332.841162
10297,332.827317
10298,332.813242
10299,332.798934
10300,332.784397
10301,332.769635
10302,332.754653
10303,332.739459
10304,333.351321
10305,333.370328
10306,333.387126
10307,333.401646
10308,333.413838
10309,333.423676
10310,333.431151
10311,333.436276
10312,333.43908
10313,333.439613
10314,333.437946
10315,333.434173
10316,333.428409
10317,333.420797
10318,333.411508
10319,333.400735
10320,333.388695
10321,333.37561
10322,333.3617
10323,333.347163
10324,333.332175
10325,333.316886
10326,333.301418
10327,333.285875
10328,333.270339
10329,333.254875
10330,333.239535
10331,333.22436
10332,333.209379
10333,333.194616
10334,333.180088
10335,333.165804
10336,333.151772
10337,333.137993
10338,333.124464
10339,333.111179
10340,333.098126
10341,333.08529
10342,333.072652
10343,333.060191
10344,333.047882
10345,333.035698
10346,333.023609
10347,333.011587
10348,332.999599
10349,332.987615
10350,332.975603
10351,332.963532
10352,332.951374
10353,332.939099
10354,332.926682
10355,332.914098
10356,332.901325
10357,332.888345
10358,332.875141
10359,332.8617
10360,332.848011
10361,332.834068
10362,332.819865
10363,332.8054
10364,332.790675
10365,332.775694
10366,332.760463
10367,332.74499
10368,333.375244
10369,333.395405
10370,333.413172
10371,333.428472
10372,333.441256
10373,333.451496
10374,333.459186
10375,333.464338
10376,333.466984
10377,333.467176
10378,333.464991
10379,333.460525
10380,333.453905
10381,333.445286
10382,333.434859
10383,333.422846
10384,333.409499
10385,333.395088
10386,333.379867
10387,333.364065
10388,333.347878
10389,333.331466
10390,333.314961
10391,333.298468
10392,333.282068
10393,333.265825
10394,333.249789
10395,333.233995
10396,333.21847
10397,333.203232
10398,333.188292
10399,333.173656
10400,333.159325
10401,333.145295
10402,333.13156
10403,333.118107
10404,333.104923
10405,333.091988
10406,333.079282
10407,333.066778
10408,333.05445
10409,333.042269
10410,333.030203
10411,333.018218
10412,333.006282
10413,332.994359
10414,332.982415
10415,332.970416
10416,332.958328
10417,332.94612
10418,332.933761
10419,332.921224
10420,332.908482
10421,332.895514
10422,332.882299
10423,332.868823
10424,332.855071
10425,332.841035
10426,332.826707
10427,332.812086
10428,332.797172
10429,332.781968
10430,332.76648
10431,332.750719
10432,333.399225
10433,333.420536
10434,333.439265
10435,333.455336
10436,333.468698
10437,333.479327
10438,333.487215
10439,333.492377
10440,333.494847
10441,333.494679
10442,333.491951
10443,333.486765
10444,333.479254
10445,333.469586
10446,333.457967
10447,333.444649
10448,333.429927
10449,333.414126
10450,333.397546
10451,333.380445
10452,333.363036
10453,333.345492
10454,333.327946
10455,333.310505
10456,333.29325
10457,333.276241
10458,333.259523
10459,333.243128
10460,333.227077
10461,333.211383
10462,333.196051
10463,333.181083
10464,333.166475
10465,333.152217
10466,333.1383
10467,333.124706
10468,333.111417
10469,333.098412
10470,333.085666
10471,333.07315
10472,333.060836
10473,333.04869
10474,333.036678
10475,333.024764
10476,333.012912
10477,333.001084
10478,332.98924
10479,332.977343
10480,332.965356
10481,332.953242
10482,332.940968
10483,332.9285
10484,332.91581
10485,332.902872
10486,332.889663
10487,332.876164
10488,332.862359
10489,332.848236
10490,332.833789
10491,332.819012
10492,332.803906
10493,332.788474
10494,332.772724
10495,332.756665
10496,333.422888
10497,333.44533
10498,333.464997
10499,333.481816
10500,333.495736
10501,333.506733
10502,333.514803
10503,333.519962
10504,333.522243
10505,333.521704
10506,333.518423
10507,333.512506
10508,333.504089
10509,333.493349
10510,333.480508
10511,333.465843
10512,333.449696
10513,333.432466
10514,333.414503
10515,333.396093
10516,333.377465
10517,333.358797
10518,333.340227
10519,333.32186
10520,333.303772
10521,333.286022
10522,333.268649
10523,333.25168
10524,333.235129
10525,333.219006
10526,333.20331
10527,333.188037
10528,333.173178
10529,333.158721
10530,333.144649
10531,333.130942
10532,333.117579
10533,333.104534
10534,333.091779
10535,333.079285
10536,333.067017
10537,333.05494
10538,333.043018
10539,333.031211
10540,333.019478
10541,333.007779
10542,332.99607
10543,332.984309
10544,332.972455
10545,332.960466
10546,332.948304
10547,332.935932
10548,332.923318
10549,332.910431
10550,332.897244
10551,332.883736
10552,332.869889
10553,332.855688
10554,332.841126
10555,332.826195
10556,332.810896
10557,332.795233
10558,332.779212
10559,332.762845
10560,333.445723
10561,333.469251
10562,333.489817
10563,333.507346
10564,333.521793
10565,333.533135
10566,333.541369
10567,333.546511
10568,333.548599
10569,333.547688
10570,333.543859
10571,333.537218
10572,333.527907
10573,333.516106
10574,333.502051
10575,333.486039
10576,333.468453
10577,333.449797
10578,333.430468
10579,333.410777
10580,333.390962
10581,333.371207
10582,333.351651
10583,333.332396
10584,333.313516
10585,333.295063
10586,333.277073
10587,333.259566
10588,333.242553
10589,333.226035
10590,333.210008
10591,333.194464
10592,333.179387
10593,333.164762
10594,333.150567
10595,333.136781
10596,333.123375
10597,333.110324
10598,333.097595
10599,333.085155
10600,333.072969
10601,333.060999
10602,333.049203
10603,333.037539
10604,333.025964
10605,333.014431
10606,333.002894
10607,332.991305
10608,332.979619
10609,332.967788
10610,332.95577
10611,332.943524
10612,332.93101
10613,332.918196
10614,332.905052
10615,332.891552
10616,332.877675
10617,332.863406
10618,332.848733
10619,332.833651
10620,332.818158
10621,332.802258
10622,332.785959
10623,332.769273
10624,333.467057
10625,333.491597
10626,333.512999
10627,333.531188
10628,333.546121
10629,333.557777
10630,333.566154
10631,333.571272
10632,333.573167
10633,333.571896
10634,333.56754
10635,333.560207
10636,333.550042
10637,333.537231
10638,333.52202
10639,333.504728
10640,333.485782
10641,333.465776
10642,333.445154
10643,333.42425
10644,333.403315
10645,333.382538
10646,333.362058
10647,333.341975
10648,333.322359
10649,333.303258
10650,333.284701
10651,333.266705
10652,333.249274
10653,333.232404
10654,333.216088
10655,333.200311
10656,333.185054
10657,333.170297
10658,333.156016
10659,333.142184
10660,333.128772
10661,333.115749
10662,333.103082
10663,333.090734
10664,333.078667
10665,333.06684
10666,333.055209
10667,333.043729
10668,333.03235
10669,333.021024
10670,333.009699
10671,332.998322
10672,332.986841
10673,332.975205
10674,332.963365
10675,332.951274
10676,332.93889
10677,332.926175
10678,332.913094
10679,332.899619
10680,332.885726
10681,332.871399
10682,332.856623
10683,332.841392
10684,332.825705
10685,332.809564
10686,332.792979
10687,332.775963
10688,333.48629
10689,333.511744
10690,333.5339
10691,333.552683
10692,333.568051
10693,333.579985
10694,333.588485
10695,333.593572
10696,333.595283
10697,333.593675
10698,333.588829
10699,333.580858
10700,333.569906
10701,333.55617
10702,333.539907
10703,333.521461
10704,333.501298
10705,333.480076
10706,333.458282
10707,333.436274
10708,333.41432
10709,333.392613
10710,333.371294
10711,333.350461
10712,333.330183
10713,333.310501
10714,333.291441
10715,333.273013
10716,333.255218
10717,333.238048
10718,333.221489
10719,333.205524
10720,333.190129
10721,333.175281
10722,333.160952
10723,333.147113
10724,333.133732
10725,333.120776
10726,333.108208
10727,333.09599
10728,333.084081
10729,333.072437
10730,333.061011
10731,333.049755
10732,333.038615
10733,333.027538
10734,333.016467
10735,333.005343
10736,332.994109
10737,332.982706
10738,332.971081
10739,332.95918
10740,332.946956
10741,332.934366
10742,332.921371
10743,332.907941
10744,332.894049
10745,332.879674
10746,332.864803
10747,332.849427
10748,332.833545
10749,332.817159
10750,332.80028
10751,332.782922
10752,333.502988
10753,333.529236
10754,333.552045
10755,333.571343
10756,333.587087
10757,333.599259
10758,333.60786
10759,333.612912
10760,333.614452
10761,333.61254
10762,333.607257
10763,333.598717
10764,333.587071
10765,333.572522
10766,333.555341
10767,333.535896
10768,333.514687
10769,333.492415
10770,333.469601
10771,333.446631
10772,333.423785
10773,333.401265
10774,333.379213
10775,333.357728
10776,333.336875
10777,333.316693
10778,333.297203
10779,333.278412
10780,333.260316
10781,333.242903
10782,333.226155
10783,333.21005
10784,333.194564
10785,333.179669
10786,333.165334
10787,333.151529
10788,333.138219
10789,333.125368
10790,333.112938
10791,333.100889
10792,333.089178
10793,333.077757
10794,333.066579
10795,333.05559
10796,333.044733
10797,333.033949
10798,333.023176
10799,333.01235
10800,333.001406
10801,332.990279
10802,332.978908
10803,332.967233
10804,332.955202
10805,332.942765
10806,332.929883
10807,332.916518
10808,332.902642
10809,332.888233
10810,332.873275
10811,332.857758
10812,332.841681
10813,332.825047
10814,332.807866
10815,332.790155
10816,333.516828
10817,333.543735
10818,333.567087
10819,333.586811
10820,333.602863
10821,333.615227
10822,333.623906
10823,333.628921
10824,333.630311
10825,333.628135
10826,333.622478
10827,333.613456
10828,333.601223
10829,333.585992
10830,333.568047
10831,333.547775
10832,333.525703
10833,333.502562
10834,333.478904
10835,333.455133
10836,333.431544
10837,333.408346
10838,333.385684
10839,333.363659
10840,333.342333
10841,333.321744
10842,333.301908
10843,333.28283
10844,333.264502
10845,333.246909
10846,333.23003
10847,333.213841
10848,333.198313
10849,333.183418
10850,333.169122
10851,333.155393
10852,333.142194
10853,333.129489
10854,333.117237
10855,333.105397
10856,333.093924
10857,333.082768
10858,333.071879
10859,333.0612
10860,333.050671
10861,333.040227
10862,333.0298
10863,333.019319
10864,333.008711
10865,332.997903
10866,332.986828
10867,332.975417
10868,332.963613
10869,332.951361
10870,332.938616
10871,332.925338
10872,332.911497
10873,332.897067
10874,332.882031
10875,332.866379
10876,332.850109
10877,332.833223
10878,332.815734
10879,332.797658
10880,333.527582
10881,333.555
10882,333.578772
10883,333.598824
10884,333.615113
10885,333.627621
10886,333.636353
10887,333.641331
10888,333.642594
10889,333.640203
10890,333.634244
10891,333.624834
10892,333.612134
10893,333.596364
10894,333.577818
10895,333.5569
10896,333.534155
10897,333.510339
10898,333.486022
10899,333.461627
10900,333.437457
10901,333.41373
10902,333.390596
10903,333.368154
10904,333.346468
10905,333.325573
10906,333.305484
10907,333.286202
10908,333.267718
10909,333.250013
10910,333.233066
10911,333.216849
10912,333.201332
10913,333.186486
10914,333.172275
10915,333.158665
10916,333.14562
10917,333.133101
10918,333.121067
10919,333.109476
10920,333.098281
10921,333.087431
10922,333.076874
10923,333.06655
10924,333.056394
10925,333.046337
10926,333.036304
10927,333.026216
10928,333.015992
10929,333.005551
10930,332.994815
10931,332.983709
10932,332.972167
10933,332.960132
10934,332.947551
10935,332.934383
10936,332.920594
10937,332.906158
10938,332.891054
10939,332.875274
10940,332.858812
10941,332.841673
10942,332.823868
10943,332.805418
10944,333.535088
10945,333.562861
10946,333.586925
10947,333.607202
10948,333.62365
10949,333.636252
10950,333.645013
10951,333.649954
10952,333.651117
10953,333.648562
10954,333.642378
10955,333.632684
10956,333.619644
10957,333.603484
10958,333.584508
10959,333.563128
10960,333.539907
10961,333.515612
10962,333.490829
10963,333.465993
10964,333.441415
10965,333.41732
10966,333.393859
10967,333.371133
10968,333.349207
10969,333.328115
10970,333.30787
10971,333.288473
10972,333.269912
10973,333.252168
10974,333.235218
10975,333.219033
10976,333.203582
10977,333.188834
10978,333.174755
10979,333.161309
10980,333.148459
10981,333.136166
10982,333.12439
10983,333.113086
10984,333.102209
10985,333.091706
10986,333.081522
10987,333.071595
10988,333.061857
10989,333.052235
10990,333.042645
10991,333.033001
10992,333.023212
10993,333.013185
10994,333.002832
10995,332.992071
10996,332.980829
10997,332.969041
10998,332.956652
10999,332.943618
11000,332.9299
11001,332.915472
11002,332.900313
11003,332.88441
11004,332.86776
11005,332.850367
11006,332.832243
11007,332.813409
11008,333.539242
11009,333.567209
11010,333.59143
11011,333.611826
11012,333.628354
11013,333.640997
11014,333.649761
11015,333.654668
11016,333.655758
11017,333.653095
11018,333.646767
11019,333.636895
11020,333.623647
11021,333.607251
11022,333.588016
11023,333.566363
11024,333.542861
11025,333.518287
11026,333.493235
11027,333.468146
11028,333.443339
11029,333.41904
11030,333.395404
11031,333.372534
11032,333.350493
11033,333.329317
11034,333.309019
11035,333.289598
11036,333.271043
11037,333.253335
11038,333.236449
11039,333.220356
11040,333.205027
11041,333.190429
11042,333.176528
11043,333.163289
11044,333.150675
11045,333.138648
11046,333.127166
11047,333.116188
11048,333.105665
11049,333.095546
11050,333.085774
11051,333.076286
11052,333.067011
11053,333.057869
11054,333.048772
11055,333.039622
11056,333.030318
11057,333.020754
11058,333.010829
11059,333.000454
11060,332.989546
11061,332.978037
11062,332.965867
11063,332.952988
11064,332.939361
11065,332.924957
11066,332.909753
11067,332.893738
11068,332.876905
11069,332.859259
11070,332.840814
11071,332.82159
11072,333.539987
11073,333.567986
11074,333.592227
11075,333.612632
11076,333.629159
11077,333.64179
11078,333.650531
11079,333.655405
11080,333.656453
11081,333.653737
11082,333.647348
11083,333.637407
11084,333.624083
11085,333.607606
11086,333.588287
11087,333.566548
11088,333.542962
11089,333.518309
11090,333.493186
11091,333.468035
11092,333.443179
11093,333.418844
11094,333.395188
11095,333.372315
11096,333.350288
11097,333.329143
11098,333.308896
11099,333.289546
11100,333.271081
11101,333.253483
11102,333.236728
11103,333.220789
11104,333.205636
11105,333.191238
11106,333.177561
11107,333.164571
11108,333.152232
11109,333.140508
11110,333.129357
11111,333.118738
11112,333.108604
11113,333.098904
11114,333.08958
11115,333.080569
11116,333.071796
11117,333.063178
11118,333.054619
11119,333.046013
11120,333.037244
11121,333.028189
11122,333.018737
11123,333.008785
11124,332.998245
11125,332.987043
11126,332.975117
11127,332.962416
11128,332.948899
11129,332.934534
11130,332.919299
11131,332.903181
11132,332.886173
11133,332.868279
11134,332.849512
11135,332.829895
11136,333.53731
11137,333.565175
11138,333.5893
11139,333.609605
11140,333.626049
11141,333.638615
11142,333.647308
11143,333.65215
11144,333.653184
11145,333.650473
11146,333.644105
11147,333.634203
11148,333.620937
11149,333.604533
11150,333.585303
11151,333.563666
11152,333.540193
11153,333.51566
11154,333.490663
11155,333.465642
11156,333.440916
11157,333.416715
11158,333.393193
11159,333.370457
11160,333.348572
11161,333.327575
11162,333.307482
11163,333.288294
11164,333.270003
11165,333.25259
11166,333.236033
11167,333.220308
11168,333.205385
11169,333.191235
11170,333.177826
11171,333.165125
11172,333.153099
11173,333.141711
11174,333.130923
11175,333.120695
11176,333.11098
11177,333.101728
11178,333.092883
11179,333.08438
11180,333.076144
11181,333.068087
11182,333.060109
11183,333.052092
11184,333.043903
11185,333.035403
11186,333.02646
11187,333.016965
11188,333.006823
11189,332.995954
11190,332.984295
11191,332.971791
11192,332.958401
11193,332.944092
11194,332.928841
11195,332.912631
11196,332.895458
11197,332.877323
11198,332.85824
11199,332.838232
11200,333.531239
11201,333.558809
11202,333.58268
11203,333.602778
11204,333.619058
11205,333.631505
11206,333.640123
11207,333.644935
11208,333.645983
11209,333.643331
11210,333.637067
11211,333.627312
11212,333.614233
11213,333.598056
11214,333.579087
11215,333.557739
11216,333.534573
11217,333.510359
11218,333.485682
11219,333.460978
11220,333.436562
11221,333.412658
11222,333.389424
11223,333.366964
11224,333.345346
11225,333.324609
11226,333.304771
11227,333.285837
11228,333.267799
11229,333.250643
11230,333.23435
11231,333.218895
11232,333.204254
11233,333.190398
11234,333.177298
11235,333.164924
11236,333.153244
11237,333.142223
11238,333.131827
11239,333.122015
11240,333.112744
11241,333.103965
11242,333.095623
11243,333.087653
11244,333.079979
11245,333.072512
11246,333.065147
11247,333.057755
11248,333.050188
11249,333.042276
11250,333.033874
11251,333.024862
11252,333.015139
11253,333.004625
11254,332.99325
11255,332.980962
11256,332.967716
11257,332.953479
11258,332.938225
11259,332.921939
11260,332.904614
11261,332.88625
11262,332.866861
11263,332.84647
11264,333.521847
11265,333.548962
11266,333.572448
11267,333.592231
11268,333.608269
11269,333.620544
11270,333.629061
11271,333.633844
11272,333.634934
11273,333.632393
11274,333.62631
11275,333.616805
11276,333.604041
11277,333.588241
11278,333.569701
11279,333.548825
11280,333.526159
11281,333.502459
11282,333.478295
11283,333.454092
11284,333.430156
11285,333.406711
11286,333.383909
11287,333.361859
11288,333.340627
11289,333.320258
11290,333.300773
11291,333.282178
11292,333.264471
11293,333.247641
11294,333.231671
11295,333.216541
11296,333.202229
11297,333.18871
11298,333.175957
11299,333.163943
11300,333.152639
11301,333.142013
11302,333.132031
11303,333.122657
11304,333.113849
11305,333.105561
11306,333.097738
11307,333.090316
11308,333.08322
11309,333.076359
11310,333.069623
11311,333.062877
11312,333.055957
11313,333.048654
11314,333.040809
11315,333.032294
11316,333.023006
11317,333.012859
11318,333.001784
11319,332.989725
11320,332.976639
11321,332.962489
11322,332.947249
11323,332.930903
11324,332.913442
11325,332.894868
11326,332.87519
11327,332.854433
11328,333.509258
11329,333.535764
11330,333.558738
11331,333.578105
11332,333.593824
11333,333.605877
11334,333.614268
11335,333.61902
11336,333.620175
11337,333.617794
11338,333.611965
11339,333.602807
11340,333.590481
11341,333.5752
11342,333.557253
11343,333.537028
11344,333.515051
11345,333.492055
11346,333.468589
11347,333.445062
11348,333.421772
11349,333.398935
11350,333.376704
11351,333.355186
11352,333.334454
11353,333.314553
11354,333.295509
11355,333.277334
11356,333.260029
11357,333.243588
11358,333.227998
11359,333.213243
11360,333.199305
11361,333.186161
11362,333.173789
11363,333.162164
11364,333.151261
11365,333.141051
11366,333.131502
11367,333.122582
11368,333.11425
11369,333.106463
11370,333.099166
11371,333.092299
11372,333.085784
11373,333.079529
11374,333.07342
11375,333.067313
11376,333.061027
11377,333.054327
11378,333.047037
11379,333.039022
11380,333.030172
11381,333.0204
11382,333.009635
11383,332.997818
11384,332.984903
11385,332.970856
11386,332.955648
11387,332.939261
11388,332.921686
11389,332.902922
11390,332.882979
11391,332.861882
11392,333.493654
11393,333.519408
11394,333.54175
11395,333.560607
11396,333.575935
11397,333.587718
11398,333.595958
11399,333.600677
11400,333.601916
11401,333.599738
11402,333.594228
11403,333.585506
11404,333.573728
11405,333.559101
11406,333.541902
11407,333.522499
11408,333.501393
11409,333.479283
11410,333.456691
11411,333.434005
11412,333.411511
11413,333.389419
11414,333.367883
11415,333.347012
11416,333.326879
11417,333.307537
11418,333.289016
11419,333.271333
11420,333.254495
11421,333.2385
11422,333.223341
11423,333.209005
11424,333.195478
11425,333.182744
11426,333.170781
11427,333.159571
11428,333.149089
11429,333.139312
11430,333.13021
11431,333.121753
11432,333.113904
11433,333.10662
11434,333.099851
11435,333.093534
11436,333.087593
11437,333.081932
11438,333.076433
11439,333.070943
11440,333.065265
11441,333.059147
11442,333.052398
11443,333.044874
11444,333.03646
11445,333.027064
11446,333.016612
11447,333.005046
11448,332.992316
11449,332.978387
11450,332.963229
11451,332.946823
11452,332.929157
11453,332.910231
11454,332.890054
11455,332.86865
11456,333.475293
11457,333.500165
11458,333.521767
11459,333.540026
11460,333.5549
11461,333.566367
11462,333.574431
11463,333.579113
11464,333.580452
11465,333.578511
11466,333.573377
11467,333.565166
11468,333.554032
11469,333.540178
11470,333.523867
11471,333.505447
11472,333.485383
11473,333.464328
11474,333.442769
11475,333.421069
11476,333.399505
11477,333.37828
11478,333.357547
11479,333.337418
11480,333.317974
11481,333.299269
11482,333.281342
11483,333.264214
11484,333.247899
11485,333.2324
11486,333.217715
11487,333.203836
11488,333.190755
11489,333.178458
11490,333.16693
11491,333.156153
11492,333.146109
11493,333.136776
11494,333.128128
11495,333.120139
11496,333.112772
11497,333.105989
11498,333.099739
11499,333.093961
11500,333.088577
11501,333.08349
11502,333.078575
11503,333.07367
11504,333.06857
11505,333.063005
11506,333.056775
11507,333.049727
11508,333.041738
11509,333.032714
11510,333.022578
11511,333.011268
11512,332.998735
11513,332.984939
11514,332.969851
11515,332.953449
11516,332.935721
11517,332.916665
11518,332.89629
11519,332.87462
11520,333.454531
11521,333.478406
11522,333.499175
11523,333.516762
11524,333.531123
11525,333.542236
11526,333.550101
11527,333.554738
11528,333.556187
11529,333.554509
11530,333.549792
11531,333.542151
11532,333.53174
11533,333.518754
11534,333.503448
11535,333.486148
11536,333.467279
11537,333.447427
11538,333.427033
11539,333.406441
11540,333.385913
11541,333.365652
11542,333.345811
11543,333.326505
11544,333.30782
11545,333.289819
11546,333.272544
11547,333.256024
11548,333.240279
11549,333.225317
11550,333.211142
11551,333.197754
11552,333.185145
11553,333.173308
11554,333.162232
11555,333.151904
11556,333.142308
11557,333.133426
11558,333.125236
11559,333.117712
11560,333.110823
11561,333.10453
11562,333.098786
11563,333.093528
11564,333.088678
11565,333.084136
11566,333.079773
11567,333.075421
11568,333.070862
11569,333.065819
11570,333.060082
11571,333.053488
11572,333.045912
11573,333.037253
11574,333.027432
11575,333.016384
11576,333.004058
11577,332.990412
11578,332.975415
11579,332.959044
11580,332.941284
11581,332.922133
11582,332.901599
11583,332.879707
11584,333.431849
11585,333.454638
11586,333.474498
11587,333.491353
11588,333.505154
11589,333.515878
11590,333.523522
11591,333.528104
11592,333.529665
11593,333.528265
11594,333.523992
11595,333.516961
11596,333.507322
11597,333.49527
11598,333.481049
11599,333.464967
11600,333.447412
11601,333.428867
11602,333.409733
11603,333.390332
11604,333.370918
11605,333.351691
11606,333.332806
11607,333.314383
11608,333.296513
11609,333.279265
11610,333.262687
11611,333.246817
11612,333.231678
11613,333.217287
11614,333.203653
11615,333.190778
11616,333.178663
11617,333.167303
11618,333.156693
11619,333.146823
11620,333.13768
11621,333.12925
11622,333.121515
11623,333.114451
11624,333.108029
11625,333.102212
11626,333.096954
11627,333.092192
11628,333.087849
11629,333.083821
11630,333.079975
11631,333.076137
11632,333.072083
11633,333.067528
11634,333.062254
11635,333.056093
11636,333.048913
11637,333.04061
11638,333.031101
11639,333.02032
11640,333.008212
11641,332.994733
11642,332.979851
11643,332.963539
11644,332.945781
11645,332.926574
11646,332.905925
11647,332.883859
11648,333.407912
11649,333.429552
11650,333.448448
11651,333.464524
11652,333.477729
11653,333.488035
11654,333.495438
11655,333.499955
11656,333.501623
11657,333.500504
11658,333.496684
11659,333.490278
11660,333.481434
11661,333.470341
11662,333.457234
11663,333.442399
11664,333.426184
11665,333.40898
11666,333.391144
11667,333.372974
11668,333.354714
11669,333.336561
11670,333.318672
11671,333.301171
11672,333.284152
11673,333.267691
11674,333.251844
11675,333.236653
11676,333.222148
11677,333.208352
11678,333.195278
11679,333.182935
11680,333.171328
11681,333.160458
11682,333.150321
11683,333.140912
11684,333.132224
11685,333.124243
11686,333.116956
11687,333.11034
11688,333.10437
11689,333.09901
11690,333.094214
11691,333.089921
11692,333.086052
11693,333.082503
11694,333.079136
11695,333.075775
11696,333.072189
11697,333.068087
11698,333.063246
11699,333.057493
11700,333.050692
11701,333.042735
11702,333.033537
11703,333.023027
11704,333.011149
11705,332.997857
11706,332.983113
11707,332.966892
11708,332.949173
11709,332.929952
11710,332.909234
11711,332.887043
11712,333.38333
11713,333.403786
11714,333.421686
11715,333.436953
11716,333.449535
11717,333.459402
11718,333.466546
11719,333.470983
11720,333.472748
11721,333.471901
11722,333.468527
11723,333.462739
11724,333.454681
11725,333.444535
11726,333.432521
11727,333.418903
11728,333.403984
11729,333.388093
11730,333.37154
11731,333.354598
11732,333.337498
11733,333.320431
11734,333.303553
11735,333.28699
11736,333.270842
11737,333.255188
11738,333.24009
11739,333.225595
11740,333.211741
11741,333.198554
11742,333.186054
11743,333.174254
11744,333.163164
11745,333.152788
11746,333.143127
11747,333.13418
11748,333.125942
11749,333.118403
11750,333.111552
11751,333.10537
11752,333.099832
11753,333.094905
11754,333.090545
11755,333.08669
11756,333.083261
11757,333.080153
11758,333.077228
11759,333.074303
11760,333.071147
11761,333.067464
11762,333.063026
11763,333.057657
11764,333.051217
11765,333.043597
11766,333.034707
11767,333.024474
11768,333.012839
11769,332.999754
11770,332.985178
11771,332.96908
11772,332.95144
11773,332.932249
11774,332.91151
11775,332.889247
11776,333.358563
11777,333.377821
11778,333.394709
11779,333.409153
11780,333.421096
11781,333.430508
11782,333.437379
11783,333.441719
11784,333.443564
11785,333.442971
11786,333.440021
11787,333.434825
11788,333.42752
11789,333.418278
11790,333.407304
11791,333.394835
11792,333.381139
11793,333.366494
11794,333.351174
11795,333.335423
11796,333.319458
11797,333.303462
11798,333.287587
11799,333.27196
11800,333.256684
11801,333.241841
11802,333.227498
11803,333.213708
11804,333.200512
11805,333.187941
11806,333.176021
11807,333.164768
11808,333.154197
11809,333.144315
11810,333.135129
11811,333.126638
11812,333.118841
11813,333.111733
11814,333.105303
11815,333.099536
11816,333.094408
11817,333.089889
11818,333.085933
11819,333.082483
11820,333.079458
11821,333.076753
11822,333.074228
11823,333.071701
11824,333.068937
11825,333.065636
11826,333.061572
11827,333.056563
11828,333.050468
11829,333.043174
11830,333.034591
11831,333.024642
11832,333.013266
11833,333.000411
11834,332.986033
11835,332.970097
11836,332.952579
11837,332.933465
11838,332.912757
11839,332.890475
11840,333.33394
11841,333.352004
11842,333.367883
11843,333.381499
11844,333.392799
11845,333.401747
11846,333.408331
11847,333.412559
11848,333.414463
11849,333.414096
11850,333.411538
11851,333.406891
11852,333.400288
11853,333.391887
11854,333.381878
11855,333.370472
11856,333.357906
11857,333.344423
11858,333.33026
11859,333.315641
11860,333.300764
11861,333.285802
11862,333.270904
11863,333.256195
11864,333.241777
11865,333.227737
11866,333.214145
11867,333.201056
11868,333.188516
11869,333.17656
11870,333.165218
11871,333.154511
11872,333.144456
11873,333.135064
11874,333.126344
11875,333.118301
11876,333.110934
11877,333.104241
11878,333.098215
11879,333.09284
11880,333.088097
11881,333.083955
11882,333.080373
11883,333.077292
11884,333.074633
11885,333.07229
11886,333.070125
11887,333.067955
11888,333.065544
11889,333.062592
11890,333.058871
11891,333.054198
11892,333.048431
11893,333.041456
11894,333.033179
11895,333.023524
11896,333.012425
11897,332.999826
11898,332.985681
11899,332.96995
11900,332.952601
11901,332.933617
11902,332.912992
11903,332.890745
11904,333.309692
11905,333.326579
11906,333.34146
11907,333.354259
11908,333.364917
11909,333.373399
11910,333.379687
11911,333.383786
11912,333.385725
11913,333.385553
11914,333.383343
11915,333.379195
11916,333.37323
11917,333.365596
11918,333.356464
11919,333.346026
11920,333.33449
11921,333.322071
11922,333.308979
11923,333.295416
11924,333.281563
11925,333.267585
11926,333.253622
11927,333.239798
11928,333.226214
11929,333.212957
11930,333.200099
11931,333.1877
11932,333.175806
11933,333.164458
11934,333.153688
11935,333.143519
11936,333.133971
11937,333.12506
11938,333.116797
11939,333.109188
11940,333.102236
11941,333.09594
11942,333.090295
11943,333.085289
11944,333.080903
11945,333.077109
11946,333.073865
11947,333.071115
11948,333.068782
11949,333.066761
11950,333.064915
11951,333.063061
11952,333.060964
11953,333.058326
11954,333.054917
11955,333.050557
11956,333.045103
11957,333.038439
11958,333.030471
11959,333.02112
11960,333.010319
11961,332.998008
11962,332.984136
11963,332.968656
11964,332.951531
11965,332.932733
11966,332.91225
11967,332.890094
11968,333.285963
11969,333.301702
11970,333.315609
11971,333.327608
11972,333.337637
11973,333.345655
11974,333.351641
11975,333.355597
11976,333.357545
11977,333.357532
11978,333.355626
11979,333.351918
11980,333.346521
11981,333.339571
11982,333.331225
11983,333.321655
11984,333.311046
11985,333.299589
11986,333.287474
11987,333.274882
11988,333.261981
11989,333.248924
11990,333.235845
11991,333.222862
11992,333.210076
11993,333.197574
11994,333.185428
11995,333.173698
11996,333.162436
11997,333.151681
11998,333.141469
11999,333.131826
12000,333.122775
12001,333.114332
12002,333.106511
12003,333.09932
12004,333.092765
12005,333.086846
12006,333.08156
12007,333.076896
12008,333.072837
12009,333.069357
12010,333.066416
12011,333.063959
12012,333.061911
12013,333.06017
12014,333.058599
12015,333.057019
12016,333.055197
12017,333.052838
12018,333.049712
12019,333.045642
12020,333.040485
12021,333.034126
12022,333.026471
12023,333.017439
12024,333.00696
12025,332.994973
12026,332.981418
12027,332.966245
12028,332.949405
12029,332.93086
12030,332.910584
12031,332.888577
12032,333.262833
12033,333.277459
12034,333.290427
12035,333.301654
12036,333.311073
12037,333.318637
12038,333.324321
12039,333.32812
12040,333.330053
12041,333.330163
12042,333.328511
12043,333.325181
12044,333.32028
12045,333.313931
12046,333.306276
12047,333.297473
12048,333.287688
12049,333.277092
12050,333.265857
12051,333.254147
12052,333.242119
12053,333.229913
12054,333.217658
12055,333.205466
12056,333.193437
12057,333.181653
12058,333.170189
12059,333.159105
12060,333.148452
12061,333.138273
12062,333.128602
12063,333.11947
12064,333.110899
12065,333.102909
12066,333.095513
12067,333.088723
12068,333.082544
12069,333.07698
12070,333.072027
12071,333.067677
12072,333.063915
12073,333.060715
12074,333.05804
12075,333.055837
12076,333.054032
12077,333.052527
12078,333.051188
12079,333.04984
12080,333.048253
12081,333.046135
12082,333.043263
12083,333.039459
12084,333.034585
12085,333.028527
12086,333.02119
12087,333.012493
12088,333.002366
12089,332.990742
12090,332.977558
12091,332.962755
12092,332.946274
12093,332.928059
12094,332.908067
12095,332.886273
12096,333.24032
12097,333.253878
12098,333.265953
12099,333.27645
12100,333.285289
12101,333.292416
12102,333.297799
12103,333.301431
12104,333.303326
12105,333.303521
12106,333.302074
12107,333.299062
12108,333.294582
12109,333.28875
12110,333.281695
12111,333.27356
12112,333.264497
12113,333.254661
12114,333.244209
12115,333.233293
12116,333.222055
12117,333.210628
12118,333.199133
12119,333.187678
12120,333.176357
12121,333.165253
12122,333.154437
12123,333.143969
12124,333.1339
12125,333.124274
12126,333.115126
12127,333.106485
12128,333.098377
12129,333.090821
12130,333.083832
12131,333.077423
12132,333.071599
12133,333.066366
12134,333.06172
12135,333.057656
12136,333.054158
12137,333.051204
12138,333.048757
12139,333.046767
12140,333.045163
12141,333.04385
12142,333.042698
12143,333.041537
12144,333.040144
12145,333.038232
12146,333.035582
12147,333.032023
12148,333.027417
12149,333.021655
12150,333.014644
12151,333.006302
12152,332.996558
12153,332.985343
12154,332.972592
12155,332.958234
12156,332.9422
12157,332.924414
12158,332.904802
12159,332.8833
12160,333.218382
12161,333.230936
12162,333.242185
12163,333.252006
12164,333.260304
12165,333.267017
12166,333.272107
12167,333.275565
12168,333.2774
12169,333.277646
12170,333.276355
12171,333.2736
12172,333.26947
12173,333.264073
12174,333.257527
12175,333.249965
12176,333.241525
12177,333.232353
12178,333.22259
12179,333.212377
12180,333.201847
12181,333.191126
12182,333.180326
12183,333.16955
12184,333.158888
12185,333.148421
12186,333.138216
12187,333.128332
12188,333.118821
12189,333.109723
12190,333.101075
12191,333.092907
12192,333.085242
12193,333.078101
12194,333.071499
12195,333.065449
12196,333.059958
12197,333.055031
12198,333.050667
12199,333.046859
12200,333.043594
12201,333.04085
12202,333.038593
12203,333.036776
12204,333.03533
12205,333.034164
12206,333.033154
12207,333.032136
12208,333.030894
12209,333.02915
12210,333.026691
12211,333.023352
12212,333.019002
12213,333.013533
12214,333.006856
12215,332.99889
12216,332.989565
12217,332.978811
12218,332.966559
12219,332.952735
12220,332.937256
12221,332.920025
12222,332.900929
12223,332.879833
12224,333.196904
12225,333.208563
12226,333.219084
12227,333.228302
12228,333.236109
12229,333.242437
12230,333.247247
12231,333.250525
12232,333.252281
12233,333.252544
12234,333.251363
12235,333.248806
12236,333.244957
12237,333.239915
12238,333.233792
12239,333.226711
12240,333.218802
12241,333.210198
12242,333.201032
12243,333.191437
12244,333.181536
12245,333.171447
12246,333.161277
12247,333.151122
12248,333.14107
12249,333.131195
12250,333.121563
12251,333.112232
12252,333.103249
12253,333.094655
12254,333.086484
12255,333.078766
12256,333.071525
12257,333.064779
12258,333.058544
12259,333.052833
12260,333.047653
12261,333.043008
12262,333.038898
12263,333.035317
12264,333.032254
12265,333.029686
12266,333.027582
12267,333.025897
12268,333.024567
12269,333.023504
12270,333.02259
12271,333.021669
12272,333.020534
12273,333.018919
12274,333.016619
12275,333.013478
12276,333.00937
12277,333.004192
12278,332.997857
12279,332.990291
12280,332.981422
12281,332.971183
12282,332.959506
12283,332.946313
12284,332.931516
12285,332.915006
12286,332.89663
12287,332.876153
12288,332.98473
12289,332.470857
12290,332.407228
12291,332.823959
12292,332.972092
12293,332.463046
12294,332.401323
12295,332.81537
12296,332.604183
12297,332.107773
12298,332.047581
12299,332.451351
