0,330.797534
1,330.806840
2,330.818810
3,330.831559
4,330.844630
5,330.857997
6,330.871766
7,330.886093
8,330.901163
9,330.917193
10,330.934436
11,330.953196
12,330.973845
13,330.996862
14,331.022919
15,331.053136
16,331.089850
17,331.139058
18,331.218309
19,331.382258
20,331.805680
21,331.879066
22,331.923803
23,331.967679
24,332.009647
25,332.046007
26,332.076377
27,332.101208
28,332.121055
29,332.136379
30,332.147506
31,332.154618
32,332.157760
33,332.156863
34,332.151816
35,332.142737
36,332.130923
37,332.106401
38,332.010893
39,331.801315
40,331.902171
41,332.427657
42,332.615914
43,332.676653
44,332.721169
45,332.763162
46,332.796307
47,332.819632
48,332.833492
49,332.838394
50,332.834667
51,332.822375
52,332.801301
53,332.770956
54,332.730654
55,332.679819
56,332.619071
57,332.553980
58,332.485849
59,332.366175
60,331.683287
61,331.427779
62,331.315610
63,331.263782
64,330.796222
65,330.805689
66,330.817928
67,330.831006
68,330.844445
69,330.858206
70,330.872393
71,330.887162
72,330.902700
73,330.919229
74,330.937009
75,330.956349
76,330.977633
77,331.001349
78,331.028184
79,331.059273
80,331.096973
81,331.147313
82,331.227901
83,331.393586
84,331.819908
85,331.893730
86,331.939544
87,331.984601
88,332.027719
89,332.065091
90,332.096320
91,332.121862
92,332.142285
93,332.158063
94,332.169528
95,332.176870
96,332.180139
97,332.179270
98,332.174161
99,332.164951
100,332.152990
101,332.128380
102,332.032899
103,331.823821
104,331.925702
105,332.453421
106,332.642375
107,332.703959
108,332.749515
109,332.792533
110,332.826503
111,332.850410
112,332.864607
113,332.869607
114,332.865741
115,332.853075
116,332.831386
117,332.800174
118,332.758744
119,332.706511
120,332.644123
121,332.577317
122,332.507605
123,332.387296
124,331.700269
125,331.442415
126,331.328642
127,331.275821
128,330.794940
129,330.804546
130,330.817046
131,330.830470
132,330.844312
133,330.858517
134,330.873183
135,330.888462
136,330.904543
137,330.921652
138,330.940052
139,330.960063
140,330.982076
141,331.006592
142,331.034310
143,331.066382
144,331.105186
145,331.156779
146,331.238840
147,331.406425
148,331.835813
149,331.910037
150,331.956893
151,332.003149
152,332.047480
153,332.085943
154,332.118112
155,332.144442
156,332.165510
157,332.181800
158,332.193654
159,332.201269
160,332.204702
161,332.203899
162,332.198774
163,332.189493
164,332.177459
165,332.152833
166,332.057438
167,331.849046
168,331.952049
169,332.482010
170,332.671571
171,332.733869
172,332.780373
173,332.824377
174,332.859162
175,332.883648
176,332.898171
177,332.903243
178,332.899198
179,332.886099
180,332.863718
181,332.831549
182,332.788888
183,332.735158
184,332.671059
185,332.602534
186,332.531318
187,332.410438
188,331.719133
189,331.458780
190,331.343314
191,331.289473
192,330.793949
193,330.803658
194,330.816365
195,330.830078
196,330.844269
197,330.858871
198,330.873970
199,330.889714
200,330.906293
201,330.923931
202,330.942898
203,330.963517
204,330.986186
205,331.011414
206,331.039913
207,331.072846
208,331.112603
209,331.165269
210,331.248573
211,331.417744
212,331.849629
213,331.924167
214,331.971835
215,332.019051
216,332.064375
217,332.103749
218,332.136712
219,332.163717
220,332.185344
221,332.202083
222,332.214286
223,332.222154
224,332.225755
225,332.225042
226,332.219947
227,332.210662
228,332.198623
229,332.174023
230,332.078725
231,331.870975
232,331.974884
233,332.506531
234,332.696521
235,332.759310
236,332.806487
237,332.851208
238,332.886592
239,332.911498
240,332.926244
241,332.931334
242,332.927100
243,332.913604
244,332.890615
245,332.857624
246,332.813925
247,332.758955
248,332.693469
249,332.623587
250,332.551218
251,332.429904
252,331.735198
253,331.472823
254,331.355984
255,331.301318
256,330.793239
257,330.803022
258,330.815885
259,330.829825
260,330.844298
261,330.859225
262,330.874683
263,330.890817
264,330.907811
265,330.925890
266,330.945325
267,330.966441
268,330.989640
269,331.015438
270,331.044552
271,331.078151
272,331.118638
273,331.172109
274,331.256336
275,331.426664
276,331.860344
277,331.935102
278,331.983342
279,332.031242
280,332.077283
281,332.117323
282,332.150877
283,332.178389
284,332.200442
285,332.217532
286,332.230012
287,332.238091
288,332.241841
289,332.241225
290,332.236186
291,332.226934
292,332.214922
293,332.190358
294,332.095139
295,331.887866
296,331.992381
297,332.525101
298,332.715355
299,332.778439
300,332.826022
301,332.871177
302,332.906916
303,332.932059
304,332.946906
305,332.951955
306,332.947535
307,332.933708
308,332.910241
309,332.876622
310,332.832151
311,332.776275
312,332.709795
313,332.638958
314,332.565791
315,332.444178
316,331.747090
317,331.483284
318,331.365472
319,331.310218
320,330.792743
321,330.802581
322,330.815560
323,330.829671
324,330.844362
325,330.859543
326,330.875285
327,330.891724
328,330.909043
329,330.927464
330,330.947256
331,330.968744
332,330.992333
333,331.018540
334,331.048083
335,331.082137
336,331.123108
337,331.177102
338,331.261913
339,331.432961
340,331.867740
341,331.942633
342,331.991218
343,332.039532
344,332.086014
345,332.126469
346,332.160395
347,332.188235
348,332.210570
349,332.227897
350,332.240573
351,332.248809
352,332.252679
353,332.252152
354,332.247175
355,332.237968
356,332.225990
357,332.201455
358,332.106282
359,331.899265
360,332.004078
361,332.537296
362,332.727670
363,332.790884
364,332.838638
365,332.883966
366,332.919832
367,332.945033
368,332.959862
369,332.964814
370,332.960217
371,332.946132
372,332.922326
373,332.888288
374,332.843319
375,332.786876
376,332.719787
377,332.648374
378,332.574731
379,332.452941
380,331.754438
381,331.489780
382,331.371384
383,331.315776
384,330.792399
385,330.802275
386,330.815338
387,330.829576
388,330.844428
389,330.859798
390,330.875748
391,330.892412
392,330.909966
393,330.928627
394,330.948663
395,330.970396
396,330.994229
397,331.020678
398,331.050460
399,331.084752
400,331.125959
401,331.180192
402,331.265251
403,331.436588
404,331.871790
405,331.946733
406,331.995448
407,332.043919
408,332.090570
409,332.131189
410,332.165270
411,332.193253
412,332.215721
413,332.233170
414,332.245957
415,332.254291
416,332.258248
417,332.257792
418,332.252873
419,332.243710
420,332.231759
421,332.207238
422,332.112072
423,331.905072
424,332.009876
425,332.543055
426,332.733416
427,332.796608
428,332.844318
429,332.889577
430,332.925351
431,332.950440
432,332.965136
433,332.969937
434,332.965173
435,332.950905
436,332.926902
437,332.892652
438,332.847458
439,332.790779
440,332.723451
441,332.651821
442,332.578005
443,332.456151
444,331.757144
445,331.492182
446,331.373577
447,331.317841
448,330.792156
449,330.802059
450,330.815180
451,330.829504
452,330.844467
453,330.859966
454,330.876057
455,330.892868
456,330.910568
457,330.929371
458,330.949538
459,330.971389
460,330.995320
461,331.021844
462,331.051675
463,331.085985
464,331.127177
465,331.181359
466,331.266329
467,331.437520
468,331.872467
469,331.947379
470,331.996007
471,332.044376
472,332.090923
473,332.131455
474,332.165470
475,332.193412
476,332.215862
477,332.233317
478,332.246129
479,332.254505
480,332.258513
481,332.258114
482,332.253248
483,332.244125
484,332.232193
485,332.207670
486,332.112471
487,331.905241
488,332.009728
489,332.542332
490,332.732549
491,332.795570
492,332.843022
493,332.887971
494,332.923434
495,332.948237
496,332.962683
497,332.967278
498,332.962355
499,332.947981
500,332.923923
501,332.889672
502,332.844527
503,332.787943
504,332.720744
505,332.649253
506,332.575561
507,332.453755
508,331.755143
509,331.490420
510,331.371976
511,331.316336
512,330.791978
513,330.801897
514,330.815054
515,330.829431
516,330.844461
517,330.860035
518,330.876203
519,330.893087
520,330.910850
521,330.929699
522,330.949888
523,330.971730
524,330.995615
525,331.022046
526,331.051732
527,331.085837
528,331.126757
529,331.180592
530,331.265119
531,331.435710
532,331.869690
533,331.944483
534,331.992799
535,332.040795
536,332.086956
537,332.127138
538,332.160861
539,332.188572
540,332.210854
541,332.228198
542,332.240953
543,332.249317
544,332.253349
545,332.252999
546,332.248191
547,332.239116
548,332.227206
549,332.202669
550,332.107400
551,331.899698
552,332.003546
553,332.534999
554,332.724930
555,332.787617
556,332.834581
557,332.878957
558,332.913875
559,332.938204
560,332.952273
561,332.956599
562,332.951524
563,332.937118
564,332.913151
565,332.879115
566,332.834305
567,332.778162
568,332.711480
569,332.640502
570,332.567246
571,332.445606
572,331.748336
573,331.484420
574,331.366522
575,331.311209
576,330.791842
577,330.801768
578,330.814941
579,330.829342
580,330.844398
581,330.859998
582,330.876185
583,330.893073
584,330.910819
585,330.929622
586,330.949728
587,330.971438
588,330.995133
589,331.021305
590,331.050651
591,331.084322
592,331.124703
593,331.177876
594,331.261581
595,331.431075
596,331.863305
597,331.937883
598,331.985637
599,332.032963
600,332.078429
601,332.117983
602,332.151175
603,332.178461
604,332.200421
605,332.217540
606,332.230159
607,332.238466
608,332.242508
609,332.242217
610,332.237494
611,332.228501
612,332.216636
613,332.192089
614,332.096721
615,331.888313
616,331.991171
617,332.520813
618,332.710293
619,332.772456
620,332.818658
621,332.862159
622,332.896258
623,332.919900
624,332.933447
625,332.937431
626,332.932205
627,332.917842
628,332.894119
629,332.860527
630,332.816356
631,332.761031
632,332.695292
633,332.625243
634,332.552774
635,332.431433
636,331.736563
637,331.474085
638,331.357156
639,331.302420
640,330.791735
641,330.801660
642,330.814831
643,330.829230
644,330.844278
645,330.859859
646,330.876011
647,330.892840
648,330.910494
649,330.929164
650,330.949083
651,330.970543
652,330.993908
653,331.019655
654,331.048463
655,331.081465
656,331.121024
657,331.173193
658,331.255654
659,331.423492
660,331.853075
661,331.927326
662,331.974229
663,332.020547
664,332.064975
665,332.103596
666,332.136003
667,332.162660
668,332.184142
669,332.200926
670,332.213339
671,332.221557
672,332.225613
673,332.225417
674,332.220841
675,332.212003
676,332.200245
677,332.175717
678,332.080233
679,331.870905
680,331.972375
681,332.499413
682,332.688239
683,332.749636
684,332.794740
685,332.836993
686,332.869948
687,332.892651
688,332.905505
689,332.909060
690,332.903676
691,332.889432
692,332.866111
693,332.833208
694,332.790012
695,332.735926
696,332.671618
697,332.602985
698,332.531721
699,332.410835
700,331.719609
701,331.459303
702,331.343826
703,331.289945
704,330.791655
705,330.801572
706,330.814727
707,330.829099
708,330.844108
709,330.859630
710,330.875697
711,330.892408
712,330.909901
713,330.928356
714,330.947993
715,330.969088
716,330.991987
717,331.017146
718,331.045219
719,331.077309
720,331.115745
721,331.166532
722,331.247268
723,331.412799
724,331.838695
725,331.912488
726,331.958192
727,332.003104
728,332.046103
729,332.083456
730,332.114807
731,332.140625
732,332.161476
733,332.177817
734,332.189963
735,332.198075
736,332.202171
737,332.202140
738,332.197821
739,332.189272
740,332.177741
741,332.153305
742,332.057708
743,331.847253
744,331.946873
745,332.470354
746,332.658267
747,332.718580
748,332.762149
749,332.802689
750,332.834104
751,332.855570
752,332.867533
753,332.870556
754,332.865000
755,332.850950
756,332.828194
757,332.796242
758,332.754388
759,332.702019
760,332.639713
761,332.573084
762,332.503542
763,332.383302
764,331.697201
765,331.439947
766,331.326498
767,331.273795
768,330.791607
769,330.801510
770,330.814636
771,330.828962
772,330.843903
773,330.859330
774,330.875269
775,330.891808
776,330.909076
777,330.927241
778,330.946506
779,330.967130
780,330.989435
781,331.013849
782,331.040991
783,331.071921
784,331.108909
785,331.157884
786,331.236318
787,331.398779
788,331.819857
789,331.893038
790,331.937115
791,331.980152
792,332.021279
793,332.057002
794,332.087018
795,332.111791
796,332.131861
797,332.147664
798,332.159493
799,332.167498
800,332.171682
801,332.171923
802,332.168026
803,332.159981
804,332.148884
805,332.124674
806,332.028978
807,331.817073
808,331.914291
809,332.433217
810,332.619911
811,332.678715
812,332.720180
813,332.758426
814,332.787831
815,332.807722
816,332.818577
817,332.820954
818,332.815207
819,332.801420
820,332.779394
821,332.748660
822,332.708538
823,332.658413
824,332.598773
825,332.534864
826,332.467697
827,332.348333
828,331.668992
829,331.415856
830,331.305162
831,331.254033
832,330.791606
833,330.801490
834,330.814577
835,330.828839
836,330.843689
837,330.858989
838,330.874759
839,330.891079
840,330.908066
841,330.925872
842,330.944686
843,330.964741
844,330.986335
845,331.009859
846,331.035883
847,331.065400
848,331.100584
849,331.147215
850,331.222567
851,331.380992
852,331.796473
853,331.868912
854,331.910851
855,331.951483
856,331.990276
857,332.024017
858,332.052443
859,332.075989
860,332.095154
861,332.110341
862,332.121821
863,332.129729
864,332.134067
865,332.134711
866,332.131451
867,332.124205
868,332.113854
869,332.090074
870,331.994155
871,331.779738
872,331.873812
873,332.387880
874,332.573228
875,332.629997
876,332.668651
877,332.703931
878,332.730825
879,332.748801
880,332.758338
881,332.759964
882,332.754006
883,332.740541
884,332.719387
885,332.690113
886,332.652090
887,332.604738
888,332.548476
889,332.488114
890,332.424124
891,332.305824
892,331.634291
893,331.386673
894,331.279796
895,331.230787
896,330.791674
897,330.801535
898,330.814575
899,330.828760
900,330.843497
901,330.858644
902,330.874212
903,330.890271
904,330.906926
905,330.924315
906,330.942606
907,330.962010
908,330.982790
909,331.005293
910,331.030028
911,331.057884
912,331.090853
913,331.134378
914,331.205222
915,331.357670
916,331.768911
917,331.841239
918,331.880571
919,331.918337
920,331.954453
921,331.985992
922,332.012691
923,332.034924
924,332.053134
925,332.067677
926,332.078801
927,332.086632
928,332.091180
929,332.092340
930,332.089917
931,332.083785
932,332.074550
933,332.051285
934,331.953459
935,331.732748
936,331.822122
937,332.333903
938,332.520303
939,332.574780
940,332.609922
941,332.641659
942,332.665670
943,332.681519
944,332.689626
945,332.690451
946,332.684275
947,332.671161
948,332.650949
949,332.623259
950,332.587545
951,332.543315
952,332.490981
953,332.434911
954,332.374853
955,332.256548
956,331.590260
957,331.351148
958,331.250224
959,331.204251
960,330.791840
961,330.801678
962,330.814664
963,330.828761
964,330.843369
965,330.858340
966,330.873677
967,330.889440
968,330.905723
969,330.922645
970,330.940356
971,330.959038
972,330.978920
973,331.000299
974,331.023601
975,331.049564
976,331.079834
977,331.118996
978,331.181771
979,331.319816
980,331.728273
981,331.815323
982,331.852453
983,331.887519
984,331.921222
985,331.950843
986,331.976071
987,331.997201
988,332.014612
989,332.028622
990,332.039454
991,332.047232
992,332.051981
993,332.053629
994,332.052027
995,332.047055
996,332.039035
997,332.014792
998,331.896072
999,331.665445
1000,331.744144
1001,332.250177
1002,332.469429
1003,332.524248
1004,332.555964
1005,332.584376
1006,332.605808
1007,332.619812
1008,332.626705
1009,332.626859
1010,332.620504
1011,332.607690
1012,332.588272
1013,332.561925
1014,332.528193
1015,332.486704
1016,332.437949
1017,332.385967
1018,332.329222
1019,332.186303
1020,331.522174
1021,331.305227
1022,331.215929
1023,331.174737
1024,330.792143
1025,330.801958
1026,330.814888
1027,330.828888
1028,330.843355
1029,330.858133
1030,330.873216
1031,330.888655
1032,330.904531
1033,330.920947
1034,330.938031
1035,330.955940
1036,330.974865
1037,330.995047
1038,331.016819
1039,331.040721
1040,331.067855
1041,331.100986
1042,331.147836
1043,331.230066
1044,331.401276
1045,331.731242
1046,331.801536
1047,331.837618
1048,331.870816
1049,331.899975
1050,331.924843
1051,331.945702
1052,331.962916
1053,331.976792
1054,331.987550
1055,331.995312
1056,332.000108
1057,332.001876
1058,332.000477
1059,331.995690
1060,331.984774
1061,331.882116
1062,331.626526
1063,331.545549
1064,331.589757
1065,331.790721
1066,332.248465
1067,332.435418
1068,332.472120
1069,332.499942
1070,332.520756
1071,332.534314
1072,332.540916
1073,332.540910
1074,332.534516
1075,332.521777
1076,332.502554
1077,332.476534
1078,332.443283
1079,332.402450
1080,332.354436
1081,332.300743
1082,332.188821
1083,331.644293
1084,331.368342
1085,331.241741
1086,331.176923
1087,331.143030
1088,330.792630
1089,330.802425
1090,330.815298
1091,330.829198
1092,330.843515
1093,330.858086
1094,330.872898
1095,330.887991
1096,330.903434
1097,330.919314
1098,330.935739
1099,330.952840
1100,330.970772
1101,330.989723
1102,331.009937
1103,331.031770
1104,331.055849
1105,331.083514
1106,331.117866
1107,331.165730
1108,331.238367
1109,331.336547
1110,331.387452
1111,331.420772
1112,331.448227
1113,331.471962
1114,331.492457
1115,331.509975
1116,331.524742
1117,331.536954
1118,331.546769
1119,331.554305
1120,331.559641
1121,331.562808
1122,331.563713
1123,331.561695
1124,331.553156
1125,331.521637
1126,331.465433
1127,331.446849
1128,331.470332
1129,331.542633
1130,331.664303
1131,331.737553
1132,331.770175
1133,331.790435
1134,331.804128
1135,331.812356
1136,331.815427
1137,331.813493
1138,331.806629
1139,331.794829
1140,331.778006
1141,331.755990
1142,331.728549
1143,331.695365
1144,331.655716
1145,331.606043
1146,331.526918
1147,331.369373
1148,331.255664
1149,331.184523
1150,331.138609
1151,331.111108
1152,330.793357
1153,330.803135
1154,330.815955
1155,330.829755
1156,330.843917
1157,330.858273
1158,330.872801
1159,330.887533
1160,330.902524
1161,330.917848
1162,330.933594
1163,330.949869
1164,330.966794
1165,330.984513
1166,331.003196
1167,331.023064
1168,331.044441
1169,331.067888
1170,331.094455
1171,331.125931
1172,331.164145
1173,331.206663
1174,331.239658
1175,331.266205
1176,331.289067
1177,331.309164
1178,331.326786
1179,331.342090
1180,331.355210
1181,331.366275
1182,331.375405
1183,331.382709
1184,331.388292
1185,331.392247
1186,331.394626
1187,331.395252
1188,331.393152
1189,331.385834
1190,331.375485
1191,331.375251
1192,331.388894
1193,331.417563
1194,331.457360
1195,331.488271
1196,331.508117
1197,331.521613
1198,331.530572
1199,331.535440
1200,331.536301
1201,331.533170
1202,331.526037
1203,331.514873
1204,331.499618
1205,331.480190
1206,331.456487
1207,331.428363
1208,331.395437
1209,331.356275
1210,331.306412
1211,331.240970
1212,331.183356
1213,331.138050
1214,331.103334
1215,331.080343
1216,330.794390
1217,330.804160
1218,330.816933
1219,330.830636
1220,330.844643
1221,330.858779
1222,330.873016
1223,330.887375
1224,330.901902
1225,330.916658
1226,330.931715
1227,330.947157
1228,330.963080
1229,330.979591
1230,330.996805
1231,331.014856
1232,331.033900
1233,331.054147
1234,331.075893
1235,331.099487
1236,331.124991
1237,331.151194
1238,331.175031
1239,331.196355
1240,331.215545
1241,331.232781
1242,331.248134
1243,331.261658
1244,331.273422
1245,331.283507
1246,331.292005
1247,331.299015
1248,331.304647
1249,331.309029
1250,331.312298
1251,331.314568
1252,331.315848
1253,331.316144
1254,331.316728
1255,331.320776
1256,331.329695
1257,331.343535
1258,331.360418
1259,331.375556
1260,331.387264
1261,331.395792
1262,331.401290
1263,331.403712
1264,331.402964
1265,331.398970
1266,331.391675
1267,331.381034
1268,331.367009
1269,331.349573
1270,331.328715
1271,331.304444
1272,331.276743
1273,331.245412
1274,331.209939
1275,331.170733
1276,331.133136
1277,331.099611
1278,331.071281
1279,331.051340
1280,330.795808
1281,330.805580
1282,330.818316
1283,330.831929
1284,330.845784
1285,330.859700
1286,330.873642
1287,330.887623
1288,330.901680
1289,330.915861
1290,330.930225
1291,330.944839
1292,330.959776
1293,330.975115
1294,330.990936
1295,331.007317
1296,331.024333
1297,331.042050
1298,331.060516
1299,331.079721
1300,331.099483
1301,331.119249
1302,331.138130
1303,331.155771
1304,331.172060
1305,331.186935
1306,331.200360
1307,331.212332
1308,331.222879
1309,331.232050
1310,331.239913
1311,331.246553
1312,331.252075
1313,331.256607
1314,331.260311
1315,331.263375
1316,331.266019
1317,331.268551
1318,331.271590
1319,331.276043
1320,331.282362
1321,331.290424
1322,331.299416
1323,331.307874
1324,331.314865
1325,331.319971
1326,331.322920
1327,331.323491
1328,331.321514
1329,331.316872
1330,331.309489
1331,331.299315
1332,331.286328
1333,331.270533
1334,331.251969
1335,331.230729
1336,331.206955
1337,331.180841
1338,331.152673
1339,331.123168
1340,331.093998
1341,331.066492
1342,331.042087
1343,331.024303
1344,330.797704
1345,330.807491
1346,330.820205
1347,330.833739
1348,330.847449
1349,330.861149
1350,330.874795
1351,330.888396
1352,330.901978
1353,330.915582
1354,330.929254
1355,330.943048
1356,330.957020
1357,330.971230
1358,330.985733
1359,331.000578
1360,331.015800
1361,331.031411
1362,331.047390
1363,331.063659
1364,331.080051
1365,331.096276
1366,331.111971
1367,331.126874
1368,331.140820
1369,331.153698
1370,331.165442
1371,331.176024
1372,331.185446
1373,331.193740
1374,331.200952
1375,331.207154
1376,331.212435
1377,331.216910
1378,331.220723
1379,331.224050
1380,331.227099
1381,331.230121
1382,331.233426
1383,331.237329
1384,331.241959
1385,331.247192
1386,331.252628
1387,331.257657
1388,331.261741
1389,331.264473
1390,331.265543
1391,331.264710
1392,331.261795
1393,331.256673
1394,331.249262
1395,331.239517
1396,331.227423
1397,331.213003
1398,331.196318
1399,331.177487
1400,331.156690
1401,331.134189
1402,331.110343
1403,331.085689
1404,331.061003
1405,331.037137
1406,331.015423
1407,330.999270
1408,330.800189
1409,330.810007
1410,330.822717
1411,330.836187
1412,330.849764
1413,330.863254
1414,330.876608
1415,330.889828
1416,330.902935
1417,330.915960
1418,330.928942
1419,330.941924
1420,330.954952
1421,330.968071
1422,330.981323
1423,330.994742
1424,331.008346
1425,331.022131
1426,331.036065
1427,331.050073
1428,331.064033
1429,331.077772
1430,331.091092
1431,331.103817
1432,331.115809
1433,331.126966
1434,331.137221
1435,331.146540
1436,331.154914
1437,331.162359
1438,331.168909
1439,331.174618
1440,331.179558
1441,331.183824
1442,331.187529
1443,331.190812
1444,331.193828
1445,331.196745
1446,331.199728
1447,331.202903
1448,331.206294
1449,331.209800
1450,331.213185
1451,331.216120
1452,331.218262
1453,331.219304
1454,331.218986
1455,331.217097
1456,331.213478
1457,331.208012
1458,331.200625
1459,331.191275
1460,331.179955
1461,331.166691
1462,331.151552
1463,331.134652
1464,331.116163
1465,331.096316
1466,331.075414
1467,331.053838
1468,331.032072
1469,331.010746
1470,330.991053
1471,330.976204
1472,330.803394
1473,330.813264
1474,330.825993
1475,330.839419
1476,330.852878
1477,330.866167
1478,330.879233
1479,330.892073
1480,330.904703
1481,330.917148
1482,330.929440
1483,330.941616
1484,330.953714
1485,330.965772
1486,330.977825
1487,330.989901
1488,331.002015
1489,331.014164
1490,331.026321
1491,331.038433
1492,331.050415
1493,331.062158
1494,331.073537
1495,331.084434
1496,331.094746
1497,331.104390
1498,331.113310
1499,331.121471
1500,331.128860
1501,331.135483
1502,331.141364
1503,331.146541
1504,331.151069
1505,331.155019
1506,331.158476
1507,331.161541
1508,331.164319
1509,331.166917
1510,331.169424
1511,331.171893
1512,331.174314
1513,331.176603
1514,331.178603
1515,331.180104
1516,331.180874
1517,331.180687
1518,331.179342
1519,331.176669
1520,331.172534
1521,331.166838
1522,331.159516
1523,331.150531
1524,331.139881
1525,331.127594
1526,331.113731
1527,331.098396
1528,331.081731
1529,331.063927
1530,331.045216
1531,331.025878
1532,331.006261
1533,330.986874
1534,330.968790
1535,330.955023
1536,330.807474
1537,330.817423
1538,330.830199
1539,330.843606
1540,330.856964
1541,330.870064
1542,330.882849
1543,330.895311
1544,330.907461
1545,330.919321
1546,330.930918
1547,330.942285
1548,330.953458
1549,330.964470
1550,330.975357
1551,330.986146
1552,330.996856
1553,331.007493
1554,331.018044
1555,331.028476
1556,331.038738
1557,331.048760
1558,331.058461
1559,331.067762
1560,331.076587
1561,331.084875
1562,331.092578
1563,331.099667
1564,331.106125
1565,331.111952
1566,331.117163
1567,331.121782
1568,331.125849
1569,331.129414
1570,331.132537
1571,331.135285
1572,331.137728
1573,331.139929
1574,331.141937
1575,331.143769
1576,331.145403
1577,331.146770
1578,331.147757
1579,331.148216
1580,331.147983
1581,331.146892
1582,331.144790
1583,331.141542
1584,331.137041
1585,331.131205
1586,331.123979
1587,331.115335
1588,331.105270
1589,331.093810
1590,331.081009
1591,331.066952
1592,331.051757
1593,331.035572
1594,331.018577
1595,331.000981
1596,330.983052
1597,330.965219
1598,330.948464
1599,330.935616
1600,330.812618
1601,330.822676
1602,330.835535
1603,330.848952
1604,330.862231
1605,330.875158
1606,330.887669
1607,330.899753
1608,330.911418
1609,330.922682
1610,330.933572
1611,330.944118
1612,330.954355
1613,330.964319
1614,330.974047
1615,330.983573
1616,330.992926
1617,331.002122
1618,331.011168
1619,331.020051
1620,331.028747
1621,331.037215
1622,331.045405
1623,331.053265
1624,331.060740
1625,331.067786
1626,331.074364
1627,331.080448
1628,331.086020
1629,331.091075
1630,331.095619
1631,331.099666
1632,331.103242
1633,331.106378
1634,331.109115
1635,331.111494
1636,331.113558
1637,331.115342
1638,331.116869
1639,331.118138
1640,331.119123
1641,331.119767
1642,331.119983
1643,331.119662
1644,331.118684
1645,331.116925
1646,331.114267
1647,331.110607
1648,331.105858
1649,331.099954
1650,331.092850
1651,331.084524
1652,331.074973
1653,331.064220
1654,331.052309
1655,331.039311
1656,331.025318
1657,331.010447
1658,330.994835
1659,330.978644
1660,330.962088
1661,330.945541
1662,330.929906
1663,330.917854
1664,330.819052
1665,330.829258
1666,330.842241
1667,330.855704
1668,330.868932
1669,330.881702
1670,330.893946
1671,330.905650
1672,330.916820
1673,330.927473
1674,330.937634
1675,330.947332
1676,330.956605
1677,330.965494
1678,330.974043
1679,330.982297
1680,330.990296
1681,330.998076
1682,331.005661
1683,331.013062
1684,331.020276
1685,331.027288
1686,331.034069
1687,331.040588
1688,331.046807
1689,331.052692
1690,331.058212
1691,331.063341
1692,331.068063
1693,331.072367
1694,331.076251
1695,331.079721
1696,331.082789
1697,331.085473
1698,331.087796
1699,331.089781
1700,331.091451
1701,331.092823
1702,331.093902
1703,331.094678
1704,331.095124
1705,331.095189
1706,331.094807
1707,331.093894
1708,331.092358
1709,331.090106
1710,331.087046
1711,331.083098
1712,331.078193
1713,331.072278
1714,331.065317
1715,331.057289
1716,331.048195
1717,331.038053
1718,331.026899
1719,331.014788
1720,331.001794
1721,330.988008
1722,330.973535
1723,330.958505
1724,330.943093
1725,330.927630
1726,330.912958
1727,330.901600
1728,330.827056
1729,330.837453
1730,330.850611
1731,330.864163
1732,330.877371
1733,330.890003
1734,330.901988
1735,330.913309
1736,330.923969
1737,330.933985
1738,330.943380
1739,330.952188
1740,330.960448
1741,330.968209
1742,330.975526
1743,330.982457
1744,330.989064
1745,330.995402
1746,331.001518
1747,331.007448
1748,331.013210
1749,331.018808
1750,331.024235
1751,331.029470
1752,331.034490
1753,331.039267
1754,331.043774
1755,331.047987
1756,331.051886
1757,331.055457
1758,331.058690
1759,331.061583
1760,331.064137
1761,331.066358
1762,331.068257
1763,331.069841
1764,331.071120
1765,331.072096
1766,331.072765
1767,331.073111
1768,331.073105
1769,331.072704
1770,331.071853
1771,331.070487
1772,331.068535
1773,331.065922
1774,331.062578
1775,331.058439
1776,331.053450
1777,331.047569
1778,331.040765
1779,331.033022
1780,331.024340
1781,331.014733
1782,331.004229
1783,330.992873
1784,330.980722
1785,330.967847
1786,330.954331
1787,330.940278
1788,330.925835
1789,330.911303
1790,330.897467
1791,330.886722
1792,330.836974
1793,330.847619
1794,330.861011
1795,330.874702
1796,330.887927
1797,330.900443
1798,330.912176
1799,330.923106
1800,330.933235
1801,330.942578
1802,330.951159
1803,330.959013
1804,330.966184
1805,330.972730
1806,330.978721
1807,330.984235
1808,330.989358
1809,330.994175
1810,330.998761
1811,331.003177
1812,331.007466
1813,331.011649
1814,331.015732
1815,331.019707
1816,331.023556
1817,331.027255
1818,331.030778
1819,331.034100
1820,331.037197
1821,331.040049
1822,331.042641
1823,331.044962
1824,331.047003
1825,331.048762
1826,331.050236
1827,331.051424
1828,331.052323
1829,331.052927
1830,331.053224
1831,331.053194
1832,331.052809
1833,331.052031
1834,331.050812
1835,331.049101
1836,331.046839
1837,331.043967
1838,331.040431
1839,331.036177
1840,331.031161
1841,331.025349
1842,331.018716
1843,331.011247
1844,331.002941
1845,330.993809
1846,330.983874
1847,330.973170
1848,330.961741
1849,330.949644
1850,330.936946
1851,330.923728
1852,330.910121
1853,330.896397
1854,330.883297
1855,330.873099
1856,330.849258
1857,330.860215
1858,330.873913
1859,330.887803
1860,330.901086
1861,330.913511
1862,330.924999
1863,330.935528
1864,330.945097
1865,330.953720
1866,330.961420
1867,330.968233
1868,330.974208
1869,330.979413
1870,330.983933
1871,330.987875
1872,330.991357
1873,330.994506
1874,330.997436
1875,331.000241
1876,331.002985
1877,331.005708
1878,331.008424
1879,331.011131
1880,331.013812
1881,331.016445
1882,331.018999
1883,331.021446
1884,331.023756
1885,331.025902
1886,331.027863
1887,331.029619
1888,331.031154
1889,331.032456
1890,331.033513
1891,331.034315
1892,331.034852
1893,331.035111
1894,331.035073
1895,331.034717
1896,331.034015
1897,331.032931
1898,331.031425
1899,331.029452
1900,331.026965
1901,331.023916
1902,331.020258
1903,331.015950
1904,331.010954
1905,331.005241
1906,330.998789
1907,330.991586
1908,330.983630
1909,330.974928
1910,330.965498
1911,330.955366
1912,330.944567
1913,330.933146
1914,330.921155
1915,330.908664
1916,330.895786
1917,330.882773
1918,330.870326
1919,330.860619
1920,330.864547
1921,330.875895
1922,330.889983
1923,330.904141
1924,330.917532
1925,330.929893
1926,330.941142
1927,330.951255
1928,330.960229
1929,330.968073
1930,330.974806
1931,330.980464
1932,330.985097
1933,330.988781
1934,330.991619
1935,330.993745
1936,330.995328
1937,330.996563
1938,330.997628
1939,330.998654
1940,330.999729
1941,331.000903
1942,331.002194
1943,331.003599
1944,331.005098
1945,331.006660
1946,331.008249
1947,331.009829
1948,331.011362
1949,331.012814
1950,331.014154
1951,331.015355
1952,331.016394
1953,331.017249
1954,331.017902
1955,331.018335
1956,331.018531
1957,331.018472
1958,331.018135
1959,331.017497
1960,331.016530
1961,331.015200
1962,331.013472
1963,331.011306
1964,331.008663
1965,331.005501
1966,331.001781
1967,330.997468
1968,330.992529
1969,330.986940
1970,330.980681
1971,330.973740
1972,330.966114
1973,330.957809
1974,330.948835
1975,330.939214
1976,330.928973
1977,330.918147
1978,330.906779
1979,330.894928
1980,330.882694
1981,330.870314
1982,330.858452
1983,330.849187
1984,330.883916
1985,330.895748
1986,330.910326
1987,330.924830
1988,330.938384
1989,330.950713
1990,330.961729
1991,330.971408
1992,330.979742
1993,330.986733
1994,330.992395
1995,330.996752
1996,330.999850
1997,331.001764
1998,331.002601
1999,331.002512
2000,331.001736
2001,331.000625
2002,330.999470
2003,330.998451
2004,330.997666
2005,330.997159
2006,330.996938
2007,330.996985
2008,330.997269
2009,330.997744
2010,330.998365
2011,330.999080
2012,330.999844
2013,331.000611
2014,331.001343
2015,331.002002
2016,331.002557
2017,331.002979
2018,331.003244
2019,331.003327
2020,331.003206
2021,331.002857
2022,331.002255
2023,331.001376
2024,331.000190
2025,330.998666
2026,330.996771
2027,330.994470
2028,330.991727
2029,330.988506
2030,330.984773
2031,330.980497
2032,330.975649
2033,330.970207
2034,330.964151
2035,330.957472
2036,330.950164
2037,330.942229
2038,330.933675
2039,330.924518
2040,330.914779
2041,330.904486
2042,330.893674
2043,330.882394
2044,330.870736
2045,330.858923
2046,330.847589
2047,330.838724
2048,330.909617
2049,330.922045
2050,330.937229
2051,330.952173
2052,330.965952
2053,330.978280
2054,330.989069
2055,330.998291
2056,331.005932
2057,331.011984
2058,331.016443
2059,331.019317
2060,331.020628
2061,331.020421
2062,331.018752
2063,331.015712
2064,331.011589
2065,331.007234
2066,331.003202
2067,330.999700
2068,330.996772
2069,330.994401
2070,330.992550
2071,330.991167
2072,330.990192
2073,330.989559
2074,330.989201
2075,330.989054
2076,330.989055
2077,330.989148
2078,330.989282
2079,330.989413
2080,330.989500
2081,330.989507
2082,330.989403
2083,330.989157
2084,330.988742
2085,330.988132
2086,330.987299
2087,330.986216
2088,330.984853
2089,330.983181
2090,330.981167
2091,330.978780
2092,330.975987
2093,330.972754
2094,330.969051
2095,330.964850
2096,330.960123
2097,330.954849
2098,330.949011
2099,330.942596
2100,330.935598
2101,330.928016
2102,330.919856
2103,330.911128
2104,330.901848
2105,330.892039
2106,330.881730
2107,330.870964
2108,330.859827
2109,330.848525
2110,330.837668
2111,330.829167
2112,330.947454
2113,330.960613
2114,330.976543
2115,330.992035
2116,331.006109
2117,331.018471
2118,331.029035
2119,331.037770
2120,331.044651
2121,331.049654
2122,331.052748
2123,331.053903
2124,331.053091
2125,331.050259
2126,331.045246
2127,331.037681
2128,331.027482
2129,331.017614
2130,331.009295
2131,331.002525
2132,330.997021
2133,330.992541
2134,330.988916
2135,330.986017
2136,330.983736
2137,330.981970
2138,330.980625
2139,330.979616
2140,330.978862
2141,330.978292
2142,330.977845
2143,330.977464
2144,330.977100
2145,330.976711
2146,330.976259
2147,330.975707
2148,330.975026
2149,330.974183
2150,330.973151
2151,330.971899
2152,330.970398
2153,330.968619
2154,330.966531
2155,330.964103
2156,330.961303
2157,330.958101
2158,330.954468
2159,330.950376
2160,330.945800
2161,330.940717
2162,330.935111
2163,330.928967
2164,330.922278
2165,330.915039
2166,330.907254
2167,330.898929
2168,330.890076
2169,330.880712
2170,330.870863
2171,330.860567
2172,330.849901
2173,330.839064
2174,330.828641
2175,330.820470
2176,331.014416
2177,331.028489
2178,331.045351
2179,331.061531
2180,331.075986
2181,331.088420
2182,331.098751
2183,331.106946
2184,331.112966
2185,331.116760
2186,331.118254
2187,331.117359
2188,331.113950
2189,331.107774
2190,331.098052
2191,331.082406
2192,331.056750
2193,331.034685
2194,331.018694
2195,331.007135
2196,330.998376
2197,330.991465
2198,330.985902
2199,330.981401
2200,330.977767
2201,330.974847
2202,330.972511
2203,330.970643
2204,330.969145
2205,330.967928
2206,330.966916
2207,330.966042
2208,330.965249
2209,330.964486
2210,330.963708
2211,330.962876
2212,330.961954
2213,330.960909
2214,330.959708
2215,330.958323
2216,330.956722
2217,330.954875
2218,330.952753
2219,330.950325
2220,330.947562
2221,330.944432
2222,330.940907
2223,330.936959
2224,330.932564
2225,330.927697
2226,330.922341
2227,330.916479
2228,330.910102
2229,330.903203
2230,330.895781
2231,330.887841
2232,330.879390
2233,330.870442
2234,330.861018
2235,330.851153
2236,330.840919
2237,330.830506
2238,330.820476
2239,330.812605
2240,331.163448
2241,331.178756
2242,331.196873
2243,331.213974
2244,331.228947
2245,331.241500
2246,331.251560
2247,331.259093
2248,331.264042
2249,331.266310
2250,331.265760
2251,331.262208
2252,331.255413
2253,331.244903
2254,331.228937
2255,331.198972
2256,331.120087
2257,331.064955
2258,331.033059
2259,331.013796
2260,331.000749
2261,330.991013
2262,330.983345
2263,330.977164
2264,330.972144
2265,330.968059
2266,330.964734
2267,330.962021
2268,330.959795
2269,330.957950
2270,330.956395
2271,330.955050
2272,330.953850
2273,330.952737
2274,330.951659
2275,330.950572
2276,330.949438
2277,330.948220
2278,330.946884
2279,330.945398
2280,330.943733
2281,330.941858
2282,330.939742
2283,330.937356
2284,330.934670
2285,330.931653
2286,330.928275
2287,330.924509
2288,330.920327
2289,330.915704
2290,330.910620
2291,330.905056
2292,330.899000
2293,330.892442
2294,330.885380
2295,330.877812
2296,330.869746
2297,330.861191
2298,330.852164
2299,330.842698
2300,330.832860
2301,330.822833
2302,330.813161
2303,330.805561
2304,331.563909
2305,331.581327
2306,331.601509
2307,331.620092
2308,331.635894
2309,331.648646
2310,331.658303
2311,331.664829
2312,331.668131
2313,331.668042
2314,331.664306
2315,331.656592
2316,331.644543
2317,331.627959
2318,331.606938
2319,331.572569
2320,331.269078
2321,331.119312
2322,331.054122
2323,331.022503
2324,331.003888
2325,330.990941
2326,330.981037
2327,330.973132
2328,330.966717
2329,330.961475
2330,330.957176
2331,330.953638
2332,330.950708
2333,330.948260
2334,330.946187
2335,330.944398
2336,330.942818
2337,330.941380
2338,330.940029
2339,330.938716
2340,330.937399
2341,330.936038
2342,330.934599
2343,330.933048
2344,330.931356
2345,330.929490
2346,330.927422
2347,330.925120
2348,330.922554
2349,330.919692
2350,330.916504
2351,330.912959
2352,330.909027
2353,330.904681
2354,330.899897
2355,330.894652
2356,330.888932
2357,330.882724
2358,330.876021
2359,330.868822
2360,330.861128
2361,330.852948
2362,330.844296
2363,330.835201
2364,330.825729
2365,330.816053
2366,330.806703
2367,330.799346
2368,331.634453
2369,331.652193
2370,331.672647
2371,331.691416
2372,331.707319
2373,331.720095
2374,331.729702
2375,331.736105
2376,331.739208
2377,331.738831
2378,331.734706
2379,331.726479
2380,331.713770
2381,331.696396
2382,331.675149
2383,331.654278
2384,331.573682
2385,331.198954
2386,331.079561
2387,331.032031
2388,331.007185
2389,330.990893
2390,330.978733
2391,330.969116
2392,330.961329
2393,330.954959
2394,330.949720
2395,330.945389
2396,330.941788
2397,330.938768
2398,330.936208
2399,330.934005
2400,330.932074
2401,330.930341
2402,330.928746
2403,330.927236
2404,330.925766
2405,330.924294
2406,330.922785
2407,330.921204
2408,330.919522
2409,330.917706
2410,330.915727
2411,330.913553
2412,330.911154
2413,330.908495
2414,330.905544
2415,330.902266
2416,330.898628
2417,330.894598
2418,330.890148
2419,330.885251
2420,330.879888
2421,330.874044
2422,330.867708
2423,330.860876
2424,330.853548
2425,330.845730
2426,330.837434
2427,330.828687
2428,330.819550
2429,330.810194
2430,330.801133
2431,330.793989
2432,331.671287
2433,331.689805
2434,331.710947
2435,331.730184
2436,331.746339
2437,331.759168
2438,331.768643
2439,331.774727
2440,331.777313
2441,331.776199
2442,331.771075
2443,331.761529
2444,331.747097
2445,331.727511
2446,331.703599
2447,331.680457
2448,331.630993
2449,331.233593
2450,331.095936
2451,331.039334
2452,331.009702
2453,330.990437
2454,330.976162
2455,330.964917
2456,330.955822
2457,330.948381
2458,330.942251
2459,330.937174
2460,330.932944
2461,330.929392
2462,330.926381
2463,330.923798
2464,330.921548
2465,330.919552
2466,330.917744
2467,330.916068
2468,330.914476
2469,330.912926
2470,330.911380
2471,330.909807
2472,330.908173
2473,330.906449
2474,330.904604
2475,330.902607
2476,330.900425
2477,330.898022
2478,330.895362
2479,330.892406
2480,330.889115
2481,330.885450
2482,330.881376
2483,330.876863
2484,330.871887
2485,330.866427
2486,330.860472
2487,330.854013
2488,330.847049
2489,330.839584
2490,330.831628
2491,330.823207
2492,330.814379
2493,330.805310
2494,330.796503
2495,330.789544
2496,331.704740
2497,331.724068
2498,331.745963
2499,331.765721
2500,331.782152
2501,331.795028
2502,331.804331
2503,331.810025
2504,331.811992
2505,331.810001
2506,331.803700
2507,331.792616
2508,331.776210
2509,331.754152
2510,331.727332
2511,331.701467
2512,331.652756
2513,331.250711
2514,331.105915
2515,331.044142
2516,331.011008
2517,330.989247
2518,330.973083
2519,330.960348
2520,330.950048
2521,330.941616
2522,330.934664
2523,330.928900
2524,330.924092
2525,330.920054
2526,330.916634
2527,330.913709
2528,330.911176
2529,330.908951
2530,330.906963
2531,330.905153
2532,330.903472
2533,330.901877
2534,330.900331
2535,330.898801
2536,330.897257
2537,330.895669
2538,330.894007
2539,330.892240
2540,330.890333
2541,330.888249
2542,330.885946
2543,330.883378
2544,330.880498
2545,330.877259
2546,330.873617
2547,330.869535
2548,330.864982
2549,330.859936
2550,330.854380
2551,330.848304
2552,330.841707
2553,330.834589
2554,330.826961
2555,330.818846
2556,330.810300
2557,330.801487
2558,330.792899
2559,330.786095
2560,331.734306
2561,331.754361
2562,331.776955
2563,331.797202
2564,331.813882
2565,331.826778
2566,331.835880
2567,331.841153
2568,331.842466
2569,331.839563
2570,331.832054
2571,331.819417
2572,331.801059
2573,331.776624
2574,331.747116
2575,331.718845
2576,331.669610
2577,331.261444
2578,331.112023
2579,331.046722
2580,331.010914
2581,330.987089
2582,330.969294
2583,330.955243
2584,330.943869
2585,330.934551
2586,330.926861
2587,330.920480
2588,330.915156
2589,330.910684
2590,330.906903
2591,330.903678
2592,330.900901
2593,330.898482
2594,330.896348
2595,330.894437
2596,330.892701
2597,330.891095
2598,330.889585
2599,330.888138
2600,330.886727
2601,330.885322
2602,330.883896
2603,330.882419
2604,330.880856
2605,330.879165
2606,330.877299
2607,330.875204
2608,330.872820
2609,330.870085
2610,330.866946
2611,330.863354
2612,330.859273
2613,330.854676
2614,330.849546
2615,330.843870
2616,330.837645
2617,330.830873
2618,330.823562
2619,330.815734
2620,330.807445
2621,330.798854
2622,330.790447
2623,330.783765
2624,331.757146
2625,331.777765
2626,331.800905
2627,331.821525
2628,331.838381
2629,331.851255
2630,331.860144
2631,331.865011
2632,331.865714
2633,331.861981
2634,331.853393
2635,331.839392
2636,331.819360
2637,331.792941
2638,331.761264
2639,331.731121
2640,331.681437
2641,331.267981
2642,331.115097
2643,331.047171
2644,331.009286
2645,330.983788
2646,330.964632
2647,330.949465
2648,330.937168
2649,330.927084
2650,330.918756
2651,330.911840
2652,330.906067
2653,330.901222
2654,330.897130
2655,330.893650
2656,330.890669
2657,330.888094
2658,330.885849
2659,330.883873
2660,330.882114
2661,330.880533
2662,330.879096
2663,330.877772
2664,330.876537
2665,330.875367
2666,330.874236
2667,330.873118
2668,330.871977
2669,330.870773
2670,330.869451
2671,330.867944
2672,330.866171
2673,330.864048
2674,330.861503
2675,330.858478
2676,330.854930
2677,330.850830
2678,330.846157
2679,330.840902
2680,330.835060
2681,330.828633
2682,330.821630
2683,330.814072
2684,330.806013
2685,330.797610
2686,330.789344
2687,330.782748
2688,331.773054
2689,331.794058
2690,331.817564
2691,331.838422
2692,331.855362
2693,331.868166
2694,331.876833
2695,331.881324
2696,331.881493
2697,331.877053
2698,331.867566
2699,331.852456
2700,331.831090
2701,331.803132
2702,331.769813
2703,331.738288
2704,331.688273
2705,331.270815
2706,331.115364
2707,331.045487
2708,331.006019
2709,330.979214
2710,330.958972
2711,330.942900
2712,330.929849
2713,330.919132
2714,330.910274
2715,330.902913
2716,330.896767
2717,330.891611
2718,330.887263
2719,330.883576
2720,330.880435
2721,330.877742
2722,330.875422
2723,330.873413
2724,330.871668
2725,330.870146
2726,330.868817
2727,330.867657
2728,330.866645
2729,330.865763
2730,330.864992
2731,330.864311
2732,330.863692
2733,330.863097
2734,330.862470
2735,330.861728
2736,330.860749
2737,330.859396
2738,330.857572
2739,330.855214
2740,330.852276
2741,330.848728
2742,330.844554
2743,330.839746
2744,330.834301
2745,330.828223
2746,330.821521
2747,330.814216
2748,330.806360
2749,330.798108
2750,330.789940
2751,330.783389
2752,331.782420
2753,331.803635
2754,331.827329
2755,331.848281
2756,331.865208
2757,331.877891
2758,331.886329
2759,331.890485
2760,331.890204
2761,331.885193
2762,331.875005
2763,331.859052
2764,331.836698
2765,331.807623
2766,331.773139
2767,331.740651
2768,331.690406
2769,331.270152
2770,331.112905
2771,331.041647
2772,331.001040
2773,330.973275
2774,330.952222
2775,330.935464
2776,330.921833
2777,330.910627
2778,330.901354
2779,330.893644
2780,330.887205
2781,330.881805
2782,330.877257
2783,330.873414
2784,330.870154
2785,330.867383
2786,330.865024
2787,330.863018
2788,330.861318
2789,330.859889
2790,330.858706
2791,330.857749
2792,330.857006
2793,330.856468
2794,330.856127
2795,330.855977
2796,330.856006
2797,330.856199
2798,330.856518
2799,330.856871
2800,330.857044
2801,330.856731
2802,330.855818
2803,330.854260
2804,330.852029
2805,330.849104
2806,330.845477
2807,330.841147
2808,330.836117
2809,330.830394
2810,330.823989
2811,330.816921
2812,330.809241
2813,330.801101
2814,330.792984
2815,330.786434
2816,331.785648
2817,331.806910
2818,331.830614
2819,331.851519
2820,331.868335
2821,331.880845
2822,331.889050
2823,331.892909
2824,331.892269
2825,331.886830
2826,331.876140
2827,331.859608
2828,331.836595
2829,331.806799
2830,331.771578
2831,331.738490
2832,331.688104
2833,331.266122
2834,331.107760
2835,331.035636
2836,330.994301
2837,330.965911
2838,330.944319
2839,330.927097
2840,330.913066
2841,330.901516
2842,330.891950
2843,330.883989
2844,330.877339
2845,330.871764
2846,330.867076
2847,330.863125
2848,330.859791
2849,330.856980
2850,330.854618
2851,330.852646
2852,330.851024
2853,330.849721
2854,330.848717
2855,330.848002
2856,330.847573
2857,330.847436
2858,330.847602
2859,330.848091
2860,330.848941
2861,330.850215
2862,330.851986
2863,330.854223
2864,330.856481
2865,330.857752
2866,330.858049
2867,330.857476
2868,330.856075
2869,330.853861
2870,330.850843
2871,330.847032
2872,330.842442
2873,330.837086
2874,330.830976
2875,330.824133
2876,330.816604
2877,330.808538
2878,330.800419
2879,330.793819
2880,331.782996
2881,331.804142
2882,331.827684
2883,331.848400
2884,331.865009
2885,331.877296
2886,331.885262
2887,331.888868
2888,331.887958
2889,331.882233
2890,331.871241
2891,331.854387
2892,331.831037
2893,331.800892
2894,331.765333
2895,331.731977
2896,331.681529
2897,331.258802
2898,331.099956
2899,331.027446
2900,330.985775
2901,330.957085
2902,330.935223
2903,330.917757
2904,330.903509
2905,330.891764
2906,330.882026
2907,330.873916
2908,330.867138
2909,330.861457
2910,330.856687
2911,330.852679
2912,330.849314
2913,330.846501
2914,330.844168
2915,330.842263
2916,330.840748
2917,330.839599
2918,330.838806
2919,330.838367
2920,330.838295
2921,330.838613
2922,330.839364
2923,330.840626
2924,330.842550
2925,330.845444
2926,330.849834
2927,330.856224
2928,330.863689
2929,330.867719
2930,330.869691
2931,330.870359
2932,330.869962
2933,330.868581
2934,330.866260
2935,330.863031
2936,330.858924
2937,330.853961
2938,330.848159
2939,330.841537
2940,330.834139
2941,330.826109
2942,330.817933
2943,330.811224
2944,331.774533
2945,331.795404
2946,331.818611
2947,331.838999
2948,331.855304
2949,331.867316
2950,331.875038
2951,331.878432
2952,331.877344
2953,331.871476
2954,331.860379
2955,331.843461
2956,331.820090
2957,331.789964
2958,331.754455
2959,331.721156
2960,331.670725
2961,331.248208
2962,331.089491
2963,331.017067
2964,330.975449
2965,330.946781
2966,330.924915
2967,330.907427
2968,330.893141
2969,330.881351
2970,330.871562
2971,330.863402
2972,330.856579
2973,330.850861
2974,330.846067
2975,330.842049
2976,330.838694
2977,330.835915
2978,330.833644
2979,330.831833
2980,330.830452
2981,330.829484
2982,330.828927
2983,330.828794
2984,330.829113
2985,330.829935
2986,330.831349
2987,330.833535
2988,330.836902
2989,330.842424
2990,330.852244
2991,330.869824
2992,330.894930
2993,330.903653
2994,330.907815
2995,330.910075
2996,330.910967
2997,330.910644
2998,330.909193
2999,330.906680
3000,330.903157
3001,330.898660
3002,330.893215
3003,330.886838
3004,330.879568
3005,330.871539
3006,330.863240
3007,330.856341
3008,331.760138
3009,331.780571
3010,331.803270
3011,331.823189
3012,331.839092
3013,331.850779
3014,331.858252
3015,331.861475
3016,331.860298
3017,331.854429
3018,331.843426
3019,331.826704
3020,331.803633
3021,331.773903
3022,331.738847
3023,331.705943
3024,331.655610
3025,331.234296
3026,331.076346
3027,331.004492
3028,330.963319
3029,330.934998
3030,330.913397
3031,330.896105
3032,330.881961
3033,330.870270
3034,330.860550
3035,330.852437
3036,330.845649
3037,330.839961
3038,330.835196
3039,330.831215
3040,330.827910
3041,330.825197
3042,330.823016
3043,330.821325
3044,330.820100
3045,330.819333
3046,330.819034
3047,330.819228
3048,330.819964
3049,330.821323
3050,330.823460
3051,330.826715
3052,330.831970
3053,330.841713
3054,330.862914
3055,330.912637
3056,331.011578
3057,331.020980
3058,331.027011
3059,331.031506
3060,331.034362
3061,331.035662
3062,331.035536
3063,331.034104
3064,331.031455
3065,331.027652
3066,331.022730
3067,331.016706
3068,331.009606
3069,331.001548
3070,330.993014
3071,330.985758
3072,331.739515
3073,331.759342
3074,331.781357
3075,331.800663
3076,331.816069
3077,331.827379
3078,331.834597
3079,331.837690
3080,331.836513
3081,331.830784
3082,331.820072
3083,331.803810
3084,331.781373
3085,331.752440
3086,331.718276
3087,331.686141
3088,331.635996
3089,331.216971
3090,331.060479
3091,330.989715
3092,330.949401
3093,330.921759
3094,330.900691
3095,330.883811
3096,330.869982
3097,330.858531
3098,330.848994
3099,330.841021
3100,330.834344
3101,330.828747
3102,330.824065
3103,330.820164
3104,330.816943
3105,330.814327
3106,330.812261
3107,330.810711
3108,330.809660
3109,330.809110
3110,330.809081
3111,330.809614
3112,330.810777
3113,330.812688
3114,330.815568
3115,330.819944
3116,330.827305
3117,330.842465
3118,330.882306
3119,331.010583
3120,331.029715
3121,331.035903
3122,331.042036
3123,331.046725
3124,331.049746
3125,331.051179
3126,331.051162
3127,331.049818
3128,331.047241
3129,331.043494
3130,331.038615
3131,331.032620
3132,331.025535
3133,331.017474
3134,331.008918
3135,331.001623
3136,331.712277
3137,331.731325
3138,331.752474
3139,331.771029
3140,331.785842
3141,331.796727
3142,331.803685
3143,331.806686
3144,331.805593
3145,331.800138
3146,331.789913
3147,331.774374
3148,331.752917
3149,331.725211
3150,331.692429
3151,331.661499
3152,331.611645
3153,331.196101
3154,331.041836
3155,330.972739
3156,330.933729
3157,330.907112
3158,330.886843
3159,330.870585
3160,330.857238
3161,330.846160
3162,330.836911
3163,330.829165
3164,330.822668
3165,330.817221
3166,330.812667
3167,330.808884
3168,330.805780
3169,330.803287
3170,330.801357
3171,330.799964
3172,330.799100
3173,330.798776
3174,330.799023
3175,330.799897
3176,330.801485
3177,330.803934
3178,330.807521
3179,330.812892
3180,330.821834
3181,330.839866
3182,330.884867
3183,331.015190
3184,331.031192
3185,331.038335
3186,331.045473
3187,331.051014
3188,331.054727
3189,331.056722
3190,331.057163
3191,331.056193
3192,331.053920
3193,331.050418
3194,331.045724
3195,331.039858
3196,331.032840
3197,331.024776
3198,331.016141
3199,331.008712
3200,331.678245
3201,331.696339
3202,331.716454
3203,331.734130
3204,331.748270
3205,331.758689
3206,331.765386
3207,331.768329
3208,331.767393
3209,331.762332
3210,331.752769
3211,331.738198
3212,331.718055
3213,331.692017
3214,331.661153
3215,331.631935
3216,331.582484
3217,331.171503
3218,331.020328
3219,330.953578
3220,330.916370
3221,330.891135
3222,330.871931
3223,330.856494
3224,330.843782
3225,330.833196
3226,330.824332
3227,330.816889
3228,330.810635
3229,330.805387
3230,330.801003
3231,330.797372
3232,330.794412
3233,330.792063
3234,330.790286
3235,330.789063
3236,330.788394
3237,330.788299
3238,330.788820
3239,330.790027
3240,330.792023
3241,330.794980
3242,330.799212
3243,330.805430
3244,330.815544
3245,330.835271
3246,330.882601
3247,331.015137
3248,331.031255
3249,331.039401
3250,331.047648
3251,331.054173
3252,331.058712
3253,331.061390
3254,331.062395
3255,331.061892
3256,331.060003
3257,331.056811
3258,331.052359
3259,331.046665
3260,331.039746
3261,331.031701
3262,331.023001
3263,331.015454
3264,331.638498
3265,331.655499
3266,331.674466
3267,331.691190
3268,331.704618
3269,331.714557
3270,331.720999
3271,331.723914
3272,331.723186
3273,331.718598
3274,331.709811
3275,331.696377
3276,331.677792
3277,331.653777
3278,331.625317
3279,331.598331
3280,331.549246
3281,331.142633
3282,330.995667
3283,330.932218
3284,330.897421
3285,330.873952
3286,330.856065
3287,330.841628
3288,330.829685
3289,330.819695
3290,330.811297
3291,330.804223
3292,330.798264
3293,330.793258
3294,330.789079
3295,330.785628
3296,330.782834
3297,330.780646
3298,330.779034
3299,330.777988
3300,330.777516
3301,330.777648
3302,330.778435
3303,330.779958
3304,330.782337
3305,330.785759
3306,330.790566
3307,330.797503
3308,330.808537
3309,330.829466
3310,330.878389
3311,331.013202
3312,331.029515
3313,331.038502
3314,331.047725
3315,331.055153
3316,331.060472
3317,331.063812
3318,331.065375
3319,331.065341
3320,331.063844
3321,331.060974
3322,331.056780
3323,331.051280
3324,331.044487
3325,331.036495
3326,331.027775
3327,331.020160
3328,331.598961
3329,331.614901
3330,331.632805
3331,331.648675
3332,331.661475
3333,331.671001
3334,331.677232
3335,331.680137
3336,331.679615
3337,331.675471
3338,331.667410
3339,331.655040
3340,331.637935
3341,331.615891
3342,331.589857
3343,331.565205
3344,331.512799
3345,331.106272
3346,330.966728
3347,330.908514
3348,330.877012
3349,330.855729
3350,330.839392
3351,330.826106
3352,330.815038
3353,330.805726
3354,330.797859
3355,330.791204
3356,330.785583
3357,330.780854
3358,330.776906
3359,330.773657
3360,330.771045
3361,330.769030
3362,330.767591
3363,330.766725
3364,330.766448
3365,330.766799
3366,330.767837
3367,330.769655
3368,330.772382
3369,330.776220
3370,330.781528
3371,330.789074
3372,330.800852
3373,330.822711
3374,330.872862
3375,331.009574
3376,331.026046
3377,331.035705
3378,331.045734
3379,331.053929
3380,331.059934
3381,331.063869
3382,331.065945
3383,331.066350
3384,331.065229
3385,331.062676
3386,331.058745
3387,331.053453
3388,331.046812
3389,331.038915
3390,331.030229
3391,331.022600
3392,331.552815
3393,331.567894
3394,331.584994
3395,331.600237
3396,331.612584
3397,331.621815
3398,331.627901
3399,331.630808
3400,331.630444
3401,331.626634
3402,331.619115
3403,331.607544
3404,331.591561
3405,331.571015
3406,331.546680
3407,331.522101
3408,331.388726
3409,331.045012
3410,330.930430
3411,330.882207
3412,330.855351
3413,330.836697
3414,330.822098
3415,330.810067
3416,330.799948
3417,330.791369
3418,330.784077
3419,330.777878
3420,330.772624
3421,330.768195
3422,330.764499
3423,330.761466
3424,330.759048
3425,330.757213
3426,330.755949
3427,330.755261
3428,330.755173
3429,330.755730
3430,330.757001
3431,330.759085
3432,330.762122
3433,330.766324
3434,330.772061
3435,330.780114
3436,330.792496
3437,330.815090
3438,330.866203
3439,331.004418
3440,331.021014
3441,331.031202
3442,331.041879
3443,331.050710
3444,331.057295
3445,331.061748
3446,331.064280
3447,331.065085
3448,331.064314
3449,331.062067
3450,331.058398
3451,331.053328
3452,331.046866
3453,331.039103
3454,331.030504
3455,331.022917
3456,331.427651
3457,331.441959
3458,331.458319
3459,331.472974
3460,331.484893
3461,331.493846
3462,331.499794
3463,331.502706
3464,331.502496
3465,331.499007
3466,331.492003
3467,331.481183
3468,331.466225
3469,331.446888
3470,331.422423
3471,331.378179
3472,331.092797
3473,330.951509
3474,330.887402
3475,330.854125
3476,330.832956
3477,330.817183
3478,330.804403
3479,330.793669
3480,330.784529
3481,330.776709
3482,330.770014
3483,330.764292
3484,330.759422
3485,330.755308
3486,330.751875
3487,330.749067
3488,330.746848
3489,330.745195
3490,330.744104
3491,330.743589
3492,330.743679
3493,330.744426
3494,330.745907
3495,330.748226
3496,330.751532
3497,330.756043
3498,330.762137
3499,330.770605
3500,330.783471
3501,330.806644
3502,330.858504
3503,330.997882
3504,331.014574
3505,331.025176
3506,331.036367
3507,331.045713
3508,331.052779
3509,331.057671
3510,331.060600
3511,331.061763
3512,331.061315
3513,331.059357
3514,331.055949
3515,331.051111
3516,331.044854
3517,331.037264
3518,331.028805
3519,331.021308
3520,331.045009
3521,331.056595
3522,331.070007
3523,331.082212
3524,331.092316
3525,331.100080
3526,331.105444
3527,331.108377
3528,331.108827
3529,331.106707
3530,331.101896
3531,331.094235
3532,331.083503
3533,331.069217
3534,331.049479
3535,331.015650
3536,330.937964
3537,330.882835
3538,330.849091
3539,330.826985
3540,330.810688
3541,330.797576
3542,330.786539
3543,330.777071
3544,330.768898
3545,330.761834
3546,330.755738
3547,330.750496
3548,330.746015
3549,330.742220
3550,330.739054
3551,330.736474
3552,330.734453
3553,330.732980
3554,330.732057
3555,330.731704
3556,330.731958
3557,330.732877
3558,330.734541
3559,330.737062
3560,330.740592
3561,330.745358
3562,330.751740
3563,330.760537
3564,330.773780
3565,330.797397
3566,330.849825
3567,330.990086
3568,331.006851
3569,331.017770
3570,331.029360
3571,331.039113
3572,331.046569
3573,331.051826
3574,331.055093
3575,331.056571
3576,331.056415
3577,331.054732
3578,331.051581
3579,331.046985
3580,331.040954
3581,331.033575
3582,331.025302
3583,331.017942
3584,330.896656
3585,330.906624
3586,330.918240
3587,330.928917
3588,330.937871
3589,330.944873
3590,330.949855
3591,330.952787
3592,330.953635
3593,330.952354
3594,330.948882
3595,330.943149
3596,330.935050
3597,330.924347
3598,330.910267
3599,330.890557
3600,330.861881
3601,330.836705
3602,330.817178
3603,330.801786
3604,330.789064
3605,330.778179
3606,330.768708
3607,330.760419
3608,330.753163
3609,330.746826
3610,330.741311
3611,330.736539
3612,330.732440
3613,330.728960
3614,330.726057
3615,330.723700
3616,330.721874
3617,330.720573
3618,330.719808
3619,330.719605
3620,330.720007
3621,330.721075
3622,330.722894
3623,330.725581
3624,330.729292
3625,330.734256
3626,330.740860
3627,330.749904
3628,330.763428
3629,330.787369
3630,330.840211
3631,330.981113
3632,330.997930
3633,331.009083
3634,331.020973
3635,331.031037
3636,331.038798
3637,331.044349
3638,331.047898
3639,331.049647
3640,331.049754
3641,331.048326
3642,331.045426
3643,331.041078
3644,331.035295
3645,331.028161
3646,331.020119
3647,331.012938
3648,330.824885
3649,330.833620
3650,330.843863
3651,330.853362
3652,330.861418
3653,330.867815
3654,330.872482
3655,330.875391
3656,330.876518
3657,330.875842
3658,330.873342
3659,330.869001
3660,330.862808
3661,330.854723
3662,330.844604
3663,330.832125
3664,330.817296
3665,330.802851
3666,330.789895
3667,330.778443
3668,330.768266
3669,330.759179
3670,330.751063
3671,330.743833
3672,330.737420
3673,330.731761
3674,330.726794
3675,330.722468
3676,330.718735
3677,330.715558
3678,330.712908
3679,330.710765
3680,330.709123
3681,330.707984
3682,330.707365
3683,330.707296
3684,330.707825
3685,330.709018
3686,330.710962
3687,330.713777
3688,330.717624
3689,330.722733
3690,330.729493
3691,330.738707
3692,330.752418
3693,330.776576
3694,330.829690
3695,330.971016
3696,330.987869
3697,330.999181
3698,331.011279
3699,331.021565
3700,331.029551
3701,331.035327
3702,331.039103
3703,331.041079
3704,331.041416
3705,331.040223
3706,331.037567
3707,331.033472
3708,331.027954
3709,331.021094
3710,331.013324
3711,331.006363
3712,330.780398
3713,330.788102
3714,330.797193
3715,330.805695
3716,330.812981
3717,330.818850
3718,330.823230
3719,330.826091
3720,330.827420
3721,330.827208
3722,330.825458
3723,330.822187
3724,330.817430
3725,330.811242
3726,330.803694
3727,330.794888
3728,330.785122
3729,330.775196
3730,330.765636
3731,330.756659
3732,330.748335
3733,330.740687
3734,330.733717
3735,330.727413
3736,330.721753
3737,330.716707
3738,330.712244
3739,330.708331
3740,330.704939
3741,330.702046
3742,330.699632
3743,330.697690
3744,330.696219
3745,330.695227
3746,330.694738
3747,330.694786
3748,330.695421
3749,330.696711
3750,330.698749
3751,330.701655
3752,330.705590
3753,330.710788
3754,330.717639
3755,330.726947
3756,330.740758
3757,330.765027
3758,330.818281
3759,330.959827
3760,330.976699
3761,330.988099
3762,331.000317
3763,331.010738
3764,331.018872
3765,331.024806
3766,331.028751
3767,331.030910
3768,331.031444
3769,331.030465
3770,331.028041
3771,331.024200
3772,331.018960
3773,331.012401
3774,331.004940
3775,330.998238
3776,330.747407
3777,330.754224
3778,330.762320
3779,330.769955
3780,330.776565
3781,330.781959
3782,330.786068
3783,330.788861
3784,330.790328
3785,330.790470
3786,330.789301
3787,330.786854
3788,330.783186
3789,330.778379
3790,330.772553
3791,330.765872
3792,330.758580
3793,330.751025
3794,330.743503
3795,330.736211
3796,330.729276
3797,330.722777
3798,330.716759
3799,330.711244
3800,330.706239
3801,330.701735
3802,330.697721
3803,330.694181
3804,330.691100
3805,330.688465
3806,330.686269
3807,330.684509
3808,330.683192
3809,330.682332
3810,330.681954
3811,330.682098
3812,330.682815
3813,330.684176
3814,330.686275
3815,330.689231
3816,330.693209
3817,330.698441
3818,330.705317
3819,330.714643
3820,330.728465
3821,330.752741
3822,330.806001
3823,330.947563
3824,330.964437
3825,330.975854
3826,330.988104
3827,330.998575
3828,331.006778
3829,331.012802
3830,331.016861
3831,331.019156
3832,331.019851
3833,331.019060
3834,331.016853
3835,331.013264
3836,331.008310
3837,331.002074
3838,330.994956
3839,330.988548
3840,330.720595
3841,330.726647
3842,330.733885
3843,330.740767
3844,330.746783
3845,330.751753
3846,330.755606
3847,330.758313
3848,330.759863
3849,330.760262
3850,330.759530
3851,330.757705
3852,330.754850
3853,330.751051
3854,330.746425
3855,330.741122
3856,330.735326
3857,330.729251
3858,330.723092
3859,330.717011
3860,330.711130
3861,330.705538
3862,330.700294
3863,330.695436
3864,330.690984
3865,330.686946
3866,330.683322
3867,330.680110
3868,330.677303
3869,330.674898
3870,330.672894
3871,330.671296
3872,330.670114
3873,330.669366
3874,330.669081
3875,330.669299
3876,330.670074
3877,330.671477
3878,330.673603
3879,330.676571
3880,330.680544
3881,330.685755
3882,330.692591
3883,330.701858
3884,330.715601
3885,330.739775
3886,330.792905
3887,330.934271
3888,330.951130
3889,330.962489
3890,330.974679
3891,330.985110
3892,330.993302
3893,330.999347
3894,331.003460
3895,331.005844
3896,331.006662
3897,331.006031
3898,331.004023
3899,331.000675
3900,330.996010
3901,330.990111
3902,330.983363
3903,330.977282
3904,330.698107
3905,330.703507
3906,330.710018
3907,330.716260
3908,330.721767
3909,330.726365
3910,330.729984
3911,330.732590
3912,330.734176
3913,330.734747
3914,330.734325
3915,330.732950
3916,330.730682
3917,330.727603
3918,330.723818
3919,330.719453
3920,330.714655
3921,330.709578
3922,330.704373
3923,330.699171
3924,330.694080
3925,330.689187
3926,330.684552
3927,330.680221
3928,330.676220
3929,330.672567
3930,330.669271
3931,330.666336
3932,330.663763
3933,330.661556
3934,330.659718
3935,330.658257
3936,330.657188
3937,330.656531
3938,330.656317
3939,330.656587
3940,330.657396
3941,330.658814
3942,330.660934
3943,330.663876
3944,330.667800
3945,330.672936
3946,330.679670
3947,330.688803
3948,330.702377
3949,330.726343
3950,330.779201
3951,330.920151
3952,330.936975
3953,330.948196
3954,330.960229
3955,330.970528
3956,330.978627
3957,330.984624
3958,330.988733
3959,330.991157
3960,330.992059
3961,330.991556
3962,330.989722
3963,330.986598
3964,330.982212
3965,330.976651
3966,330.970287
3967,330.964559
3968,330.679668
3969,330.684540
3970,330.690470
3971,330.696201
3972,330.701297
3973,330.705588
3974,330.709002
3975,330.711505
3976,330.713088
3977,330.713756
3978,330.713533
3979,330.712455
3980,330.710581
3981,330.707985
3982,330.704761
3983,330.701017
3984,330.696876
3985,330.692465
3986,330.687908
3987,330.683316
3988,330.678787
3989,330.674400
3990,330.670215
3991,330.666279
3992,330.662623
3993,330.659269
3994,330.656230
3995,330.653515
3996,330.651129
3997,330.649081
3998,330.647375
3999,330.646025
4000,330.645044
4001,330.644456
4002,330.644291
4003,330.644591
4004,330.645410
4005,330.646819
4006,330.648907
4007,330.651791
4008,330.655630
4009,330.660649
4010,330.667230
4011,330.676169
4012,330.689502
4013,330.713168
4014,330.765633
4015,330.905964
4016,330.922734
4017,330.933734
4018,330.945520
4019,330.955605
4020,330.963541
4021,330.969430
4022,330.973483
4023,330.975902
4024,330.976848
4025,330.976437
4026,330.974744
4027,330.971813
4028,330.967678
4029,330.962430
4030,330.956436
4031,330.951060
4032,330.666972
4033,330.671493
4034,330.677044
4035,330.682444
4036,330.687270
4037,330.691353
4038,330.694622
4039,330.697041
4040,330.698600
4041,330.699305
4042,330.699178
4043,330.698256
4044,330.696593
4045,330.694258
4046,330.691339
4047,330.687936
4048,330.684156
4049,330.680115
4050,330.675922
4051,330.671679
4052,330.667477
4053,330.663390
4054,330.659477
4055,330.655783
4056,330.652342
4057,330.649177
4058,330.646302
4059,330.643730
4060,330.641468
4061,330.639523
4062,330.637905
4063,330.636626
4064,330.635701
4065,330.635154
4066,330.635016
4067,330.635327
4068,330.636141
4069,330.637526
4070,330.639571
4071,330.642390
4072,330.646138
4073,330.651036
4074,330.657461
4075,330.666205
4076,330.679295
4077,330.702657
4078,330.754719
4079,330.894383
4080,330.911087
4081,330.921831
4082,330.933343
4083,330.943195
4084,330.950952
4085,330.956713
4086,330.960688
4087,330.963075
4088,330.964030
4089,330.963670
4090,330.962069
4091,330.959273
4092,330.955318
4093,330.950302
4094,330.944588
4095,330.939497
4096,330.792419
4097,330.805870
4098,330.818876
4099,330.831706
4100,330.844560
4101,330.857606
4102,330.871008
4103,330.884933
4104,330.899565
4105,330.915112
4106,330.931818
4107,330.949968
4108,330.969906
4109,330.992044
4110,331.016888
4111,331.045052
4112,331.077293
4113,331.114547
4114,331.157964
4115,331.208946
4116,331.269130
4117,331.340142
4118,331.405117
4119,331.458071
4120,331.501670
4121,331.537625
4122,331.567160
4123,331.591180
4124,331.610361
4125,331.625187
4126,331.635982
4127,331.642917
4128,331.646023
4129,331.645179
4130,331.640095
4131,331.630270
4132,331.614889
4133,331.592569
4134,331.580813
4135,331.588234
4136,331.615349
4137,331.663120
4138,331.732780
4139,331.811346
4140,331.871311
4141,331.916693
4142,331.949932
4143,331.972657
4144,331.985977
4145,331.990607
4146,331.986928
4147,331.975015
4148,331.954647
4149,331.925294
4150,331.886085
4151,331.835747
4152,331.772483
4153,331.693702
4154,331.595314
4155,331.487650
4156,331.398895
4157,331.326676
4158,331.268653
4159,331.222906
4160,330.790144
4161,330.803910
4162,330.817389
4163,330.830765
4164,330.844205
4165,330.857869
4166,330.871917
4167,330.886522
4168,330.901871
4169,330.918183
4170,330.935708
4171,330.954747
4172,330.975657
4173,330.998869
4174,331.024910
4175,331.054420
4176,331.088187
4177,331.127178
4178,331.172577
4179,331.225812
4180,331.288503
4181,331.362142
4182,331.429618
4183,331.484801
4184,331.530316
4185,331.567891
4186,331.598775
4187,331.623906
4188,331.643982
4189,331.659508
4190,331.670821
4191,331.678103
4192,331.681389
4193,331.680561
4194,331.675334
4195,331.665223
4196,331.649467
4197,331.626870
4198,331.615123
4199,331.623067
4200,331.651363
4201,331.700979
4202,331.772973
4203,331.853994
4204,331.916198
4205,331.963409
4206,331.998034
4207,332.021718
4208,332.035594
4209,332.040395
4210,332.036514
4211,332.024029
4212,332.002708
4213,331.972002
4214,331.931011
4215,331.878425
4216,331.812412
4217,331.730364
4218,331.628275
4219,331.516744
4220,331.424394
4221,331.349096
4222,331.288581
4223,331.240985
4224,330.788606
4225,330.802531
4226,330.816326
4227,330.830111
4228,330.844020
4229,330.858195
4230,330.872792
4231,330.887978
4232,330.903946
4233,330.920916
4234,330.939148
4235,330.958949
4236,330.980688
4237,331.004811
4238,331.031858
4239,331.062488
4240,331.097509
4241,331.137906
4242,331.184876
4243,331.239845
4244,331.304399
4245,331.379930
4246,331.449221
4247,331.506074
4248,331.553069
4249,331.591922
4250,331.623891
4251,331.649926
4252,331.670739
4253,331.686849
4254,331.698604
4255,331.706193
4256,331.709661
4257,331.708897
4258,331.703634
4259,331.693415
4260,331.677547
4261,331.654962
4262,331.643417
4263,331.651863
4264,331.681044
4265,331.731917
4266,331.805412
4267,331.887987
4268,331.951675
4269,332.000153
4270,332.035766
4271,332.060138
4272,332.074401
4273,332.079295
4274,332.075215
4275,332.062238
4276,332.040127
4277,332.008322
4278,331.965908
4279,331.911564
4280,331.843455
4281,331.759003
4282,331.654290
4283,331.540052
4284,331.445115
4285,331.367540
4286,331.305156
4287,331.256170
4288,330.787557
4289,330.801578
4290,330.815592
4291,330.829683
4292,330.843961
4293,330.858553
4294,330.873603
4295,330.889276
4296,330.905763
4297,330.923286
4298,330.942109
4299,330.962543
4300,330.984966
4301,331.009832
4302,331.037693
4303,331.069218
4304,331.105227
4305,331.146714
4306,331.194880
4307,331.251142
4308,331.317055
4309,331.393957
4310,331.464560
4311,331.522636
4312,331.570734
4313,331.610559
4314,331.643364
4315,331.670105
4316,331.691502
4317,331.708082
4318,331.720199
4319,331.728053
4320,331.731693
4321,331.731021
4322,331.725785
4323,331.715559
4324,331.699699
4325,331.677209
4326,331.665888
4327,331.674738
4328,331.704546
4329,331.756253
4330,331.830717
4331,331.914290
4332,331.978934
4333,332.028244
4334,332.064511
4335,332.089333
4336,332.103833
4337,332.108748
4338,332.104473
4339,332.091083
4340,332.068338
4341,332.035672
4342,331.992165
4343,331.936497
4344,331.866843
4345,331.780660
4346,331.674089
4347,331.557944
4348,331.461178
4349,331.381971
4350,331.318231
4351,331.268217
4352,330.786840
4353,330.800926
4354,330.815097
4355,330.829420
4356,330.843985
4357,330.858908
4358,330.874323
4359,330.890391
4360,330.907299
4361,330.925270
4362,330.944566
4363,330.965504
4364,330.988465
4365,331.013907
4366,331.042389
4367,331.074588
4368,331.111328
4369,331.153608
4370,331.202629
4371,331.259797
4372,331.326652
4373,331.404498
4374,331.476006
4375,331.534927
4376,331.583797
4377,331.624310
4378,331.657716
4379,331.684972
4380,331.706801
4381,331.723735
4382,331.736134
4383,331.744202
4384,331.747993
4385,331.747420
4386,331.742242
4387,331.732054
4388,331.716242
4389,331.693851
4390,331.682706
4391,331.691836
4392,331.722043
4393,331.774257
4394,331.849300
4395,331.933465
4396,331.998671
4397,332.048465
4398,332.085106
4399,332.110172
4400,332.124775
4401,332.129648
4402,332.125185
4403,332.111460
4404,332.088230
4405,332.054928
4406,332.010634
4407,331.954030
4408,331.883305
4409,331.795942
4410,331.688117
4411,331.570689
4412,331.472696
4413,331.392387
4414,331.327722
4415,331.276994
4416,330.786350
4417,330.800483
4418,330.814768
4419,330.829263
4420,330.844048
4421,330.859226
4422,330.874926
4423,330.891302
4424,330.908536
4425,330.926850
4426,330.946505
4427,330.967817
4428,330.991169
4429,331.017021
4430,331.045933
4431,331.078587
4432,331.115808
4433,331.158598
4434,331.208155
4435,331.265883
4436,331.333309
4437,331.411724
4438,331.483774
4439,331.543204
4440,331.592544
4441,331.633480
4442,331.667263
4443,331.694847
4444,331.716960
4445,331.734132
4446,331.746728
4447,331.754954
4448,331.758867
4449,331.758382
4450,331.753268
4451,331.743129
4452,331.727367
4453,331.705045
4454,331.694001
4455,331.703274
4456,331.733673
4457,331.786124
4458,331.861428
4459,331.945854
4460,332.011296
4461,332.061283
4462,332.098056
4463,332.123182
4464,332.137767
4465,332.142542
4466,332.137901
4467,332.123917
4468,332.100347
4469,332.066623
4470,332.021827
4471,331.964643
4472,331.893270
4473,331.805204
4474,331.696640
4475,331.578459
4476,331.479749
4477,331.398792
4478,331.333580
4479,331.282424
4480,330.786013
4481,330.800179
4482,330.814547
4483,330.829167
4484,330.844113
4485,330.859481
4486,330.875391
4487,330.891991
4488,330.909461
4489,330.928016
4490,330.947916
4491,330.969474
4492,330.993070
4493,331.019166
4494,331.048319
4495,331.081211
4496,331.118669
4497,331.161692
4498,331.211481
4499,331.269438
4500,331.337089
4501,331.415721
4502,331.487976
4503,331.547599
4504,331.597119
4505,331.638224
4506,331.672164
4507,331.699893
4508,331.722139
4509,331.739434
4510,331.752141
4511,331.760466
4512,331.764465
4513,331.764053
4514,331.758997
4515,331.748903
4516,331.733174
4517,331.710876
4518,331.699845
4519,331.709124
4520,331.739520
4521,331.791959
4522,331.867239
4523,331.951628
4524,332.017018
4525,332.066934
4526,332.103615
4527,332.128629
4528,332.143081
4529,332.147706
4530,332.142897
4531,332.128729
4532,332.104961
4533,332.071025
4534,332.026000
4535,331.968575
4536,331.896948
4537,331.808618
4538,331.699784
4539,331.581334
4540,331.482368
4541,331.401179
4542,331.335768
4543,331.284455
4544,330.785776
4545,330.799964
4546,330.814389
4547,330.829096
4548,330.844153
4549,330.859650
4550,330.875702
4551,330.892449
4552,330.910067
4553,330.928765
4554,330.948797
4555,330.970474
4556,330.994171
4557,331.020344
4558,331.049549
4559,331.082463
4560,331.119911
4561,331.162894
4562,331.212611
4563,331.270470
4564,331.338001
4565,331.416501
4566,331.488624
4567,331.548125
4568,331.597539
4569,331.638558
4570,331.672435
4571,331.700125
4572,331.722356
4573,331.739658
4574,331.752392
4575,331.760757
4576,331.764808
4577,331.764452
4578,331.759448
4579,331.749393
4580,331.733677
4581,331.711356
4582,331.700252
4583,331.709397
4584,331.739596
4585,331.791779
4586,331.866755
4587,331.950812
4588,332.015864
4589,332.065448
4590,332.101816
4591,332.126544
4592,332.140748
4593,332.145167
4594,332.140200
4595,332.125925
4596,332.102100
4597,332.068159
4598,332.023180
4599,331.965848
4600,331.894355
4601,331.806194
4602,331.697552
4603,331.579305
4604,331.480531
4605,331.399514
4606,331.334247
4607,331.283044
4608,330.785603
4609,330.799804
4610,330.814264
4611,330.829024
4612,330.844149
4613,330.859721
4614,330.875850
4615,330.892673
4616,330.910354
4617,330.929100
4618,330.949157
4619,330.970828
4620,330.994482
4621,331.020567
4622,331.049632
4623,331.082350
4624,331.119539
4625,331.162197
4626,331.211530
4627,331.268948
4628,331.336000
4629,331.414001
4630,331.485640
4631,331.544691
4632,331.593700
4633,331.634369
4634,331.667957
4635,331.695421
4636,331.717487
4637,331.734681
4638,331.747358
4639,331.755712
4640,331.759787
4641,331.759479
4642,331.754530
4643,331.744519
4644,331.728810
4645,331.706430
4646,331.695172
4647,331.704043
4648,331.733844
4649,331.785511
4650,331.859879
4651,331.943285
4652,332.007690
4653,332.056660
4654,332.092474
4655,332.116730
4656,332.130561
4657,332.134714
4658,332.129596
4659,332.115287
4660,332.091550
4661,332.057818
4662,332.013169
4663,331.956279
4664,331.885328
4665,331.797788
4666,331.689824
4667,331.572277
4668,331.474167
4669,331.393741
4670,331.328970
4671,331.278153
4672,330.785470
4673,330.799677
4674,330.814152
4675,330.828936
4676,330.844088
4677,330.859687
4678,330.875836
4679,330.892665
4680,330.910332
4681,330.929033
4682,330.949010
4683,330.970554
4684,330.994023
4685,331.019856
4686,331.048590
4687,331.080886
4688,331.117556
4689,331.159593
4690,331.208203
4691,331.264811
4692,331.330987
4693,331.408082
4694,331.478848
4695,331.537087
4696,331.585366
4697,331.625404
4698,331.658466
4699,331.685510
4700,331.707259
4701,331.724232
4702,331.736775
4703,331.745073
4704,331.749157
4705,331.748906
4706,331.744039
4707,331.734104
4708,331.718423
4709,331.695976
4710,331.684497
4711,331.692957
4712,331.722139
4713,331.772993
4714,331.846399
4715,331.928776
4716,331.992171
4717,332.040198
4718,332.075181
4719,332.098753
4720,332.112067
4721,332.115883
4722,332.110613
4723,332.096346
4724,332.072846
4725,332.039551
4726,331.995535
4727,331.939467
4728,331.869508
4729,331.783096
4730,331.676356
4731,331.560068
4732,331.463149
4733,331.383781
4734,331.319889
4735,331.269748
4736,330.785366
4737,330.799570
4738,330.814043
4739,330.828825
4740,330.843970
4741,330.859552
4742,330.875667
4743,330.892438
4744,330.910016
4745,330.928588
4746,330.948383
4747,330.969682
4748,330.992828
4749,331.018245
4750,331.046455
4751,331.078100
4752,331.113978
4753,331.155072
4754,331.202588
4755,331.257965
4756,331.322808
4757,331.398522
4758,331.467960
4759,331.524973
4760,331.572159
4761,331.611256
4762,331.643538
4763,331.669961
4764,331.691239
4765,331.707880
4766,331.720219
4767,331.728429
4768,331.732524
4769,331.732366
4770,331.727644
4771,331.717861
4772,331.702282
4773,331.679806
4774,331.668077
4775,331.675992
4776,331.704303
4777,331.753982
4778,331.825980
4779,331.906853
4780,331.968782
4781,332.015460
4782,332.049279
4783,332.071914
4784,332.084542
4785,332.087933
4786,332.082507
4787,332.068356
4788,332.045251
4789,332.012635
4790,331.969587
4791,331.914769
4792,331.846320
4793,331.761633
4794,331.656768
4795,331.542411
4796,331.447309
4797,331.369542
4798,331.306963
4799,331.257814
4800,330.785288
4801,330.799482
4802,330.813939
4803,330.828696
4804,330.843802
4805,330.859326
4806,330.875359
4807,330.892014
4808,330.909434
4809,330.927796
4810,330.947314
4811,330.968255
4812,330.990945
4813,331.015786
4814,331.043277
4815,331.074036
4816,331.108835
4817,331.148638
4818,331.194640
4819,331.248294
4820,331.311251
4821,331.385006
4822,331.452563
4823,331.507855
4824,331.553526
4825,331.591337
4826,331.622566
4827,331.648157
4828,331.668808
4829,331.685011
4830,331.697085
4831,331.705187
4832,331.709321
4833,331.709326
4834,331.704863
4835,331.695380
4836,331.680058
4837,331.657677
4838,331.645729
4839,331.652985
4840,331.680134
4841,331.728171
4842,331.798167
4843,331.876896
4844,331.936757
4845,331.981568
4846,332.013811
4847,332.035208
4848,332.046951
4849,332.049815
4850,332.044219
4851,332.030258
4852,332.007713
4853,331.976039
4854,331.934329
4855,331.881251
4856,331.814928
4857,331.732698
4858,331.630529
4859,331.518952
4860,331.426451
4861,331.350943
4862,331.290185
4863,331.242377
4864,330.785240
4865,330.799419
4866,330.813848
4867,330.828559
4868,330.843599
4869,330.859030
4870,330.874936
4871,330.891423
4872,330.908622
4873,330.926698
4874,330.945851
4875,330.966329
4876,330.988436
4877,331.012548
4878,331.039131
4879,331.068769
4880,331.102191
4881,331.140323
4882,331.184333
4883,331.235675
4884,331.296055
4885,331.367105
4886,331.432073
4887,331.485033
4888,331.528694
4889,331.564835
4890,331.594718
4891,331.619261
4892,331.639131
4893,331.654794
4894,331.666551
4895,331.674545
4896,331.678767
4897,331.679047
4898,331.675021
4899,331.666084
4900,331.651310
4901,331.629297
4902,331.617285
4903,331.623812
4904,331.649450
4905,331.695218
4906,331.762372
4907,331.838057
4908,331.895026
4909,331.937298
4910,331.967458
4911,331.987260
4912,331.997890
4913,332.000109
4914,331.994322
4915,331.980623
4916,331.958807
4917,331.928353
4918,331.888390
4919,331.837615
4920,331.774160
4921,331.695319
4922,331.596926
4923,331.489256
4924,331.400377
4925,331.327953
4926,331.269619
4927,331.223540
4928,330.785237
4929,330.799397
4930,330.813788
4931,330.828436
4932,330.843385
4933,330.858692
4934,330.874432
4935,330.890703
4936,330.907625
4937,330.925348
4938,330.944057
4939,330.963976
4940,330.985385
4941,331.008626
4942,331.034124
4943,331.062411
4944,331.094158
4945,331.130221
4946,331.171702
4947,331.220018
4948,331.276918
4949,331.344241
4950,331.405669
4951,331.455524
4952,331.496594
4953,331.530644
4954,331.558879
4955,331.582159
4956,331.601101
4957,331.616132
4958,331.627529
4959,331.635423
4960,331.639806
4961,331.640511
4962,331.637175
4963,331.629165
4964,331.615443
4965,331.594339
4966,331.582648
4967,331.588481
4968,331.612193
4969,331.654810
4970,331.717873
4971,331.789166
4972,331.842084
4973,331.880944
4974,331.908413
4975,331.926218
4976,331.935491
4977,331.936939
4978,331.930936
4979,331.917569
4980,331.896647
4981,331.867696
4982,331.829908
4983,331.782067
4984,331.722373
4985,331.648127
4986,331.555006
4987,331.452836
4988,331.368957
4989,331.300656
4990,331.245453
4991,331.201527
4992,330.785299
4993,330.799439
4994,330.813783
4995,330.828355
4996,330.843193
4997,330.858348
4998,330.873889
4999,330.889903
5000,330.906498
5001,330.923810
5002,330.942005
5003,330.961283
5004,330.981894
5005,331.004140
5006,331.028396
5007,331.055128
5008,331.084921
5009,331.118522
5010,331.156902
5011,331.201343
5012,331.253550
5013,331.315622
5014,331.372136
5015,331.417901
5016,331.455725
5017,331.487248
5018,331.513543
5019,331.535362
5020,331.553241
5021,331.567557
5022,331.578557
5023,331.586366
5024,331.590988
5025,331.592290
5026,331.589959
5027,331.583411
5028,331.571575
5029,331.552449
5030,331.541917
5031,331.547296
5032,331.568604
5033,331.606812
5034,331.663794
5035,331.728508
5036,331.775715
5037,331.810076
5038,331.834175
5039,331.849571
5040,331.857248
5041,331.857808
5042,331.851566
5043,331.838590
5044,331.818714
5045,331.791528
5046,331.756338
5047,331.712087
5048,331.657183
5049,331.589104
5050,331.503458
5051,331.409232
5052,331.332262
5053,331.269361
5054,331.218076
5055,331.176736
5056,330.785456
5057,330.799576
5058,330.813867
5059,330.828352
5060,330.843063
5061,330.858044
5062,330.873357
5063,330.889079
5064,330.905307
5065,330.922159
5066,330.939781
5067,330.958350
5068,330.978081
5069,330.999234
5070,331.022125
5071,331.047141
5072,331.074757
5073,331.105564
5074,331.140310
5075,331.179964
5076,331.225858
5077,331.280037
5078,331.329477
5079,331.369945
5080,331.403858
5081,331.432462
5082,331.456568
5083,331.476757
5084,331.493459
5085,331.506987
5086,331.517555
5087,331.525284
5088,331.530207
5089,331.532259
5090,331.531254
5091,331.526812
5092,331.518147
5093,331.503254
5094,331.495629
5095,331.501136
5096,331.519551
5097,331.551612
5098,331.599113
5099,331.653180
5100,331.692359
5101,331.721011
5102,331.741094
5103,331.753726
5104,331.759612
5105,331.759192
5106,331.752694
5107,331.740161
5108,331.721454
5109,331.696250
5110,331.664012
5111,331.623946
5112,331.574879
5113,331.514919
5114,331.440284
5115,331.358313
5116,331.290857
5117,331.234772
5118,331.188157
5119,331.149777
5120,330.785744
5121,330.799846
5122,330.814083
5123,330.828474
5124,330.843045
5125,330.857835
5126,330.872897
5127,330.888299
5128,330.904124
5129,330.920477
5130,330.937482
5131,330.955291
5132,330.974084
5133,330.994075
5134,331.015521
5135,331.038723
5136,331.064034
5137,331.091861
5138,331.122656
5139,331.156854
5140,331.194658
5141,331.235236
5142,331.273782
5143,331.307824
5144,331.337348
5145,331.362760
5146,331.384491
5147,331.402915
5148,331.418341
5149,331.431010
5150,331.441100
5151,331.448732
5152,331.453974
5153,331.456854
5154,331.457368
5155,331.455535
5156,331.451556
5157,331.446479
5158,331.445363
5159,331.451864
5160,331.467059
5161,331.491108
5162,331.522884
5163,331.556937
5164,331.585530
5165,331.607563
5166,331.623212
5167,331.632854
5168,331.636828
5169,331.635372
5170,331.628616
5171,331.616569
5172,331.599126
5173,331.576057
5174,331.547013
5175,331.511524
5176,331.469032
5177,331.419031
5178,331.361735
5179,331.301466
5180,331.246418
5181,331.198188
5182,331.156688
5183,331.121477
5184,330.786208
5185,330.800298
5186,330.814482
5187,330.828774
5188,330.843196
5189,330.857782
5190,330.872576
5191,330.887636
5192,330.903034
5193,330.918858
5194,330.935213
5195,330.952227
5196,330.970046
5197,330.988841
5198,331.008810
5199,331.030174
5200,331.053172
5201,331.078051
5202,331.105022
5203,331.134170
5204,331.165258
5205,331.197326
5206,331.228279
5207,331.256668
5208,331.282014
5209,331.304297
5210,331.323665
5211,331.340316
5212,331.354445
5213,331.366225
5214,331.375801
5215,331.383291
5216,331.388794
5217,331.392409
5218,331.394273
5219,331.394634
5220,331.394029
5221,331.393642
5222,331.395824
5223,331.402581
5224,331.414776
5225,331.432304
5226,331.453873
5227,331.476462
5228,331.496558
5229,331.512600
5230,331.524058
5231,331.530830
5232,331.532958
5233,331.530508
5234,331.523518
5235,331.511970
5236,331.495786
5237,331.474828
5238,331.448913
5239,331.417850
5240,331.381530
5241,331.340134
5242,331.294614
5243,331.247546
5244,331.202585
5245,331.161501
5246,331.124878
5247,331.092768
5248,330.786902
5249,330.800988
5250,330.815123
5251,330.829317
5252,330.843586
5253,330.857959
5254,330.872472
5255,330.887174
5256,330.902126
5257,330.917401
5258,330.933087
5259,330.949286
5260,330.966117
5261,330.983711
5262,331.002214
5263,331.021781
5264,331.042561
5265,331.064683
5266,331.088211
5267,331.113072
5268,331.138947
5269,331.165133
5270,331.190558
5271,331.214345
5272,331.236030
5273,331.255441
5274,331.272578
5275,331.287518
5276,331.300370
5277,331.311251
5278,331.320275
5279,331.327554
5280,331.333201
5281,331.337358
5282,331.340222
5283,331.342111
5284,331.343564
5285,331.345462
5286,331.349050
5287,331.355410
5288,331.365046
5289,331.377774
5290,331.392646
5291,331.407950
5292,331.421809
5293,331.432996
5294,331.440856
5295,331.445084
5296,331.445552
5297,331.442211
5298,331.435031
5299,331.423975
5300,331.408990
5301,331.390009
5302,331.366970
5303,331.339864
5304,331.308814
5305,331.274224
5306,331.237001
5307,331.198734
5308,331.161342
5309,331.126131
5310,331.093769
5311,331.064501
5312,330.787890
5313,330.801985
5314,330.816079
5315,330.830177
5316,330.844294
5317,330.858449
5318,330.872673
5319,330.887007
5320,330.901500
5321,330.916214
5322,330.931219
5323,330.946598
5324,330.962443
5325,330.978854
5326,330.995936
5327,331.013791
5328,331.032506
5329,331.052137
5330,331.072672
5331,331.093991
5332,331.115811
5333,331.137652
5334,331.158896
5335,331.178991
5336,331.197571
5337,331.214444
5338,331.229542
5339,331.242876
5340,331.254499
5341,331.264484
5342,331.272921
5343,331.279908
5344,331.285561
5345,331.290030
5346,331.293519
5347,331.296328
5348,331.298894
5349,331.301816
5350,331.305797
5351,331.311424
5352,331.318951
5353,331.328200
5354,331.338533
5355,331.348932
5356,331.358289
5357,331.365730
5358,331.370675
5359,331.372775
5360,331.371833
5361,331.367738
5362,331.360423
5363,331.349842
5364,331.335958
5365,331.318754
5366,331.298242
5367,331.274508
5368,331.247765
5369,331.218435
5370,331.187236
5371,331.155191
5372,331.123439
5373,331.092880
5374,331.064082
5375,331.037321
5376,330.789248
5377,330.803367
5378,330.817432
5379,330.831443
5380,330.845410
5381,330.859347
5382,330.873279
5383,330.887239
5384,330.901266
5385,330.915412
5386,330.929732
5387,330.944294
5388,330.959168
5389,330.974428
5390,330.990150
5391,331.006399
5392,331.023224
5393,331.040638
5394,331.058602
5395,331.076994
5396,331.095593
5397,331.114074
5398,331.132049
5399,331.149158
5400,331.165129
5401,331.179792
5402,331.193061
5403,331.204914
5404,331.215370
5405,331.224474
5406,331.232292
5407,331.238909
5408,331.244431
5409,331.248995
5410,331.252785
5411,331.256049
5412,331.259110
5413,331.262363
5414,331.266220
5415,331.270998
5416,331.276811
5417,331.283507
5418,331.290660
5419,331.297635
5420,331.303734
5421,331.308346
5422,331.311008
5423,331.311399
5424,331.309311
5425,331.304613
5426,331.297221
5427,331.287087
5428,331.274190
5429,331.258537
5430,331.240182
5431,331.219247
5432,331.195959
5433,331.170686
5434,331.143971
5435,331.116499
5436,331.089002
5437,331.062100
5438,331.036230
5439,331.011639
5440,330.791064
5441,330.805230
5442,330.819281
5443,330.833217
5444,330.847040
5445,330.860763
5446,330.874403
5447,330.887986
5448,330.901544
5449,330.915118
5450,330.928755
5451,330.942507
5452,330.956428
5453,330.970577
5454,330.985006
5455,330.999758
5456,331.014860
5457,331.030307
5458,331.046053
5459,331.061996
5460,331.077972
5461,331.093757
5462,331.109097
5463,331.123750
5464,331.137517
5465,331.150261
5466,331.161899
5467,331.172397
5468,331.181753
5469,331.189996
5470,331.197172
5471,331.203351
5472,331.208623
5473,331.213103
5474,331.216942
5475,331.220332
5476,331.223500
5477,331.226704
5478,331.230187
5479,331.234118
5480,331.238540
5481,331.243326
5482,331.248187
5483,331.252709
5484,331.256432
5485,331.258926
5486,331.259837
5487,331.258895
5488,331.255910
5489,331.250752
5490,331.243338
5491,331.233623
5492,331.221593
5493,331.207272
5494,331.190726
5495,331.172083
5496,331.151550
5497,331.129430
5498,331.106123
5499,331.082107
5500,331.057876
5501,331.033863
5502,331.010396
5503,330.987672
5504,330.793445
5505,330.807683
5506,330.821742
5507,330.835618
5508,330.849310
5509,330.862824
5510,330.876174
5511,330.889380
5512,330.902467
5513,330.915469
5514,330.928424
5515,330.941373
5516,330.954363
5517,330.967436
5518,330.980633
5519,330.993986
5520,331.007510
5521,331.021196
5522,331.035005
5523,331.048859
5524,331.062638
5525,331.076191
5526,331.089346
5527,331.101935
5528,331.113817
5529,331.124883
5530,331.135063
5531,331.144319
5532,331.152643
5533,331.160048
5534,331.166568
5535,331.172256
5536,331.177183
5537,331.181442
5538,331.185149
5539,331.188443
5540,331.191483
5541,331.194432
5542,331.197434
5543,331.200577
5544,331.203864
5545,331.207193
5546,331.210363
5547,331.213093
5548,331.215067
5549,331.215981
5550,331.215566
5551,331.213606
5552,331.209940
5553,331.204451
5554,331.197064
5555,331.187738
5556,331.176465
5557,331.163274
5558,331.148234
5559,331.131460
5560,331.113130
5561,331.093483
5562,331.072816
5563,331.051471
5564,331.029792
5565,331.008089
5566,330.986604
5567,330.965493
5568,330.796516
5569,330.810858
5570,330.824952
5571,330.838788
5572,330.852363
5573,330.865679
5574,330.878743
5575,330.891573
5576,330.904188
5577,330.916615
5578,330.928887
5579,330.941040
5580,330.953110
5581,330.965136
5582,330.977151
5583,330.989182
5584,331.001243
5585,331.013329
5586,331.025412
5587,331.037438
5588,331.049326
5589,331.060972
5590,331.072260
5591,331.083075
5592,331.093314
5593,331.102895
5594,331.111760
5595,331.119875
5596,331.127225
5597,331.133818
5598,331.139674
5599,331.144832
5600,331.149346
5601,331.153286
5602,331.156736
5603,331.159794
5604,331.162567
5605,331.165157
5606,331.167647
5607,331.170077
5608,331.172434
5609,331.174635
5610,331.176532
5611,331.177931
5612,331.178608
5613,331.178343
5614,331.176934
5615,331.174213
5616,331.170045
5617,331.164333
5618,331.157012
5619,331.148047
5620,331.137434
5621,331.125202
5622,331.111412
5623,331.096166
5624,331.079608
5625,331.061924
5626,331.043338
5627,331.024098
5628,331.004450
5629,330.984620
5630,330.964789
5631,330.945078
5632,330.800426
5633,330.814912
5634,330.829073
5635,330.842895
5636,330.856372
5637,330.869500
5638,330.882286
5639,330.894740
5640,330.906880
5641,330.918728
5642,330.930313
5643,330.941666
5644,330.952821
5645,330.963814
5646,330.974678
5647,330.985439
5648,330.996117
5649,331.006716
5650,331.017222
5651,331.027605
5652,331.037813
5653,331.047779
5654,331.057425
5655,331.066674
5656,331.075451
5657,331.083695
5658,331.091360
5659,331.098416
5660,331.104845
5661,331.110650
5662,331.115841
5663,331.120444
5664,331.124499
5665,331.128053
5666,331.131165
5667,331.133902
5668,331.136332
5669,331.138517
5670,331.140501
5671,331.142300
5672,331.143889
5673,331.145202
5674,331.146128
5675,331.146525
5676,331.146233
5677,331.145090
5678,331.142943
5679,331.139661
5680,331.135137
5681,331.129291
5682,331.122067
5683,331.113438
5684,331.103402
5685,331.091984
5686,331.079237
5687,331.065247
5688,331.050128
5689,331.034025
5690,331.017106
5691,330.999555
5692,330.981553
5693,330.963265
5694,330.944830
5695,330.926342
5696,330.805354
5697,330.820033
5698,330.834300
5699,330.848140
5700,330.861540
5701,330.874496
5702,330.887010
5703,330.899089
5704,330.910748
5705,330.922007
5706,330.932892
5707,330.943433
5708,330.953664
5709,330.963621
5710,330.973340
5711,330.982855
5712,330.992193
5713,331.001371
5714,331.010395
5715,331.019253
5716,331.027920
5717,331.036357
5718,331.044516
5719,331.052345
5720,331.059791
5721,331.066809
5722,331.073362
5723,331.079423
5724,331.084976
5725,331.090014
5726,331.094544
5727,331.098580
5728,331.102145
5729,331.105271
5730,331.107998
5731,331.110366
5732,331.112416
5733,331.114184
5734,331.115689
5735,331.116931
5736,331.117883
5737,331.118489
5738,331.118663
5739,331.118300
5740,331.117281
5741,331.115485
5742,331.112796
5743,331.109111
5744,331.104345
5745,331.098434
5746,331.091332
5747,331.083018
5748,331.073490
5749,331.062769
5750,331.050900
5751,331.037952
5752,331.024016
5753,331.009203
5754,330.993642
5755,330.977470
5756,330.960823
5757,330.943826
5758,330.926584
5759,330.909174
5760,330.811517
5761,330.826447
5762,330.840868
5763,330.854762
5764,330.868113
5765,330.880913
5766,330.893162
5767,330.904865
5768,330.916034
5769,330.926687
5770,330.936850
5771,330.946553
5772,330.955832
5773,330.964727
5774,330.973282
5775,330.981540
5776,330.989542
5777,330.997323
5778,331.004906
5779,331.012301
5780,331.019507
5781,331.026508
5782,331.033277
5783,331.039782
5784,331.045987
5785,331.051857
5786,331.057363
5787,331.062480
5788,331.067190
5789,331.071484
5790,331.075359
5791,331.078821
5792,331.081881
5793,331.084558
5794,331.086872
5795,331.088848
5796,331.090506
5797,331.091863
5798,331.092924
5799,331.093679
5800,331.094099
5801,331.094136
5802,331.093724
5803,331.092780
5804,331.091215
5805,331.088936
5806,331.085853
5807,331.081887
5808,331.076970
5809,331.071050
5810,331.064090
5811,331.056073
5812,331.046996
5813,331.036879
5814,331.025757
5815,331.013684
5816,331.000732
5817,330.986989
5818,330.972552
5819,330.957525
5820,330.942013
5821,330.926112
5822,330.909903
5823,330.893449
5824,330.819176
5825,330.834427
5826,330.849060
5827,330.863052
5828,330.876385
5829,330.889049
5830,330.901040
5831,330.912362
5832,330.923027
5833,330.933050
5834,330.942456
5835,330.951279
5836,330.959557
5837,330.967338
5838,330.974676
5839,330.981630
5840,330.988259
5841,330.994617
5842,331.000752
5843,331.006696
5844,331.012468
5845,331.018074
5846,331.023505
5847,331.028742
5848,331.033761
5849,331.038536
5850,331.043040
5851,331.047249
5852,331.051144
5853,331.054711
5854,331.057940
5855,331.060828
5856,331.063378
5857,331.065594
5858,331.067486
5859,331.069063
5860,331.070332
5861,331.071297
5862,331.071951
5863,331.072280
5864,331.072254
5865,331.071832
5866,331.070959
5867,331.069570
5868,331.067596
5869,331.064962
5870,331.061601
5871,331.057449
5872,331.052451
5873,331.046566
5874,331.039764
5875,331.032029
5876,331.023360
5877,331.013772
5878,331.003293
5879,330.991965
5880,330.979846
5881,330.967003
5882,330.953512
5883,330.939453
5884,330.924906
5885,330.909947
5886,330.894643
5887,330.879044
5888,330.828648
5889,330.844305
5890,330.859219
5891,330.873362
5892,330.886714
5893,330.899262
5894,330.911003
5895,330.921938
5896,330.932077
5897,330.941434
5898,330.950036
5899,330.957916
5900,330.965119
5901,330.971703
5902,330.977735
5903,330.983294
5904,330.988463
5905,330.993325
5906,330.997952
5907,331.002405
5908,331.006724
5909,331.010932
5910,331.015036
5911,331.019028
5912,331.022889
5913,331.026598
5914,331.030128
5915,331.033455
5916,331.036555
5917,331.039409
5918,331.042002
5919,331.044322
5920,331.046362
5921,331.048118
5922,331.049588
5923,331.050770
5924,331.051662
5925,331.052257
5926,331.052543
5927,331.052500
5928,331.052100
5929,331.051306
5930,331.050070
5931,331.048341
5932,331.046062
5933,331.043176
5934,331.039626
5935,331.035362
5936,331.030339
5937,331.024524
5938,331.017892
5939,331.010429
5940,331.002134
5941,330.993016
5942,330.983100
5943,330.972417
5944,330.961013
5945,330.948940
5946,330.936257
5947,330.923027
5948,330.909313
5949,330.895177
5950,330.880671
5951,330.865841
5952,330.840322
5953,330.856487
5954,330.871763
5955,330.886119
5956,330.899532
5957,330.911991
5958,330.923488
5959,330.934026
5960,330.943610
5961,330.952257
5962,330.959989
5963,330.966842
5964,330.972867
5965,330.978131
5966,330.982721
5967,330.986742
5968,330.990309
5969,330.993541
5970,330.996547
5971,330.999417
5972,331.002216
5973,331.004985
5974,331.007739
5975,331.010478
5976,331.013185
5977,331.015839
5978,331.018410
5979,331.020870
5980,331.023190
5981,331.025344
5982,331.027310
5983,331.029070
5984,331.030607
5985,331.031908
5986,331.032964
5987,331.033763
5988,331.034295
5989,331.034547
5990,331.034501
5991,331.034135
5992,331.033421
5993,331.032324
5994,331.030805
5995,331.028819
5996,331.026319
5997,331.023258
5998,331.019590
5999,331.015273
6000,331.010272
6001,331.004556
6002,330.998105
6003,330.990906
6004,330.982958
6005,330.974267
6006,330.964851
6007,330.954735
6008,330.943955
6009,330.932551
6010,330.920569
6011,330.908061
6012,330.895076
6013,330.881665
6014,330.867872
6015,330.853735
6016,330.854674
6017,330.871471
6018,330.887205
6019,330.901846
6020,330.915370
6021,330.927765
6022,330.939026
6023,330.949152
6024,330.958148
6025,330.966025
6026,330.972805
6027,330.978522
6028,330.983231
6029,330.987009
6030,330.989965
6031,330.992238
6032,330.993990
6033,330.995390
6034,330.996596
6035,330.997736
6036,330.998902
6037,331.000148
6038,331.001499
6039,331.002952
6040,331.004491
6041,331.006085
6042,331.007701
6043,331.009302
6044,331.010852
6045,331.012318
6046,331.013668
6047,331.014877
6048,331.015921
6049,331.016778
6050,331.017432
6051,331.017864
6052,331.018058
6053,331.017994
6054,331.017651
6055,331.017005
6056,331.016029
6057,331.014689
6058,331.012951
6059,331.010775
6060,331.008121
6061,331.004949
6062,331.001221
6063,330.996901
6064,330.991958
6065,330.986366
6066,330.980106
6067,330.973169
6068,330.965548
6069,330.957250
6070,330.948287
6071,330.938678
6072,330.928451
6073,330.917637
6074,330.906274
6075,330.894402
6076,330.882063
6077,330.869297
6078,330.856144
6079,330.842637
6080,330.872291
6081,330.889866
6082,330.906174
6083,330.921181
6084,330.934871
6085,330.947233
6086,330.958264
6087,330.967962
6088,330.976328
6089,330.983367
6090,330.989095
6091,330.993539
6092,330.996753
6093,330.998824
6094,330.999884
6095,331.000115
6096,330.999746
6097,330.999023
6098,330.998172
6099,330.997371
6100,330.996740
6101,330.996346
6102,330.996210
6103,330.996326
6104,330.996664
6105,330.997185
6106,330.997842
6107,330.998588
6108,330.999375
6109,331.000162
6110,331.000908
6111,331.001578
6112,331.002142
6113,331.002570
6114,331.002838
6115,331.002922
6116,331.002800
6117,331.002448
6118,331.001842
6119,331.000957
6120,330.999764
6121,330.998232
6122,330.996329
6123,330.994019
6124,330.991267
6125,330.988038
6126,330.984298
6127,330.980016
6128,330.975164
6129,330.969718
6130,330.963662
6131,330.956984
6132,330.949679
6133,330.941749
6134,330.933203
6135,330.924055
6136,330.914326
6137,330.904042
6138,330.893231
6139,330.881928
6140,330.870166
6141,330.857980
6142,330.845405
6143,330.832471
6144,330.893897
6145,330.912427
6146,330.929439
6147,330.944907
6148,330.958823
6149,330.971185
6150,330.981992
6151,330.991242
6152,330.998931
6153,331.005055
6154,331.009614
6155,331.012622
6156,331.014122
6157,331.014200
6158,331.013011
6159,331.010793
6160,331.007871
6161,331.004614
6162,331.001351
6163,330.998325
6164,330.995684
6165,330.993494
6166,330.991767
6167,330.990477
6168,330.989575
6169,330.989001
6170,330.988691
6171,330.988582
6172,330.988614
6173,330.988732
6174,330.988886
6175,330.989032
6176,330.989130
6177,330.989146
6178,330.989047
6179,330.988804
6180,330.988390
6181,330.987779
6182,330.986943
6183,330.985855
6184,330.984487
6185,330.982808
6186,330.980787
6187,330.978393
6188,330.975591
6189,330.972352
6190,330.968642
6191,330.964434
6192,330.959703
6193,330.954425
6194,330.948585
6195,330.942170
6196,330.935174
6197,330.927596
6198,330.919440
6199,330.910718
6200,330.901446
6201,330.891642
6202,330.881332
6203,330.870542
6204,330.859301
6205,330.847640
6206,330.835589
6207,330.823176
6208,330.920392
6209,330.940082
6210,330.957947
6211,330.973978
6212,330.988184
6213,331.000578
6214,331.011167
6215,331.019949
6216,331.026912
6217,331.032037
6218,331.035299
6219,331.036686
6220,331.036211
6221,331.033941
6222,331.030038
6223,331.024804
6224,331.018709
6225,331.012340
6226,331.006188
6227,331.000573
6228,330.995658
6229,330.991492
6230,330.988054
6231,330.985282
6232,330.983094
6233,330.981401
6234,330.980116
6235,330.979154
6236,330.978438
6237,330.977900
6238,330.977477
6239,330.977114
6240,330.976765
6241,330.976387
6242,330.975942
6243,330.975395
6244,330.974716
6245,330.973873
6246,330.972839
6247,330.971584
6248,330.970079
6249,330.968294
6250,330.966199
6251,330.963764
6252,330.960957
6253,330.957748
6254,330.954108
6255,330.950010
6256,330.945428
6257,330.940341
6258,330.934732
6259,330.928586
6260,330.921897
6261,330.914660
6262,330.906877
6263,330.898556
6264,330.889708
6265,330.880347
6266,330.870495
6267,330.860174
6268,330.849407
6269,330.838222
6270,330.826647
6271,330.814709
6272,330.952885
6273,330.973974
6274,330.992852
6275,331.009548
6276,331.024106
6277,331.036563
6278,331.046940
6279,331.055235
6280,331.061425
6281,331.065468
6282,331.067305
6283,331.066875
6284,331.064133
6285,331.059091
6286,331.051875
6287,331.042833
6288,331.032650
6289,331.022350
6290,331.012679
6291,331.004030
6292,330.996542
6293,330.990204
6294,330.984931
6295,330.980603
6296,330.977088
6297,330.974259
6298,330.971994
6299,330.970183
6300,330.968731
6301,330.967551
6302,330.966567
6303,330.965716
6304,330.964940
6305,330.964190
6306,330.963422
6307,330.962596
6308,330.961677
6309,330.960633
6310,330.959432
6311,330.958043
6312,330.956438
6313,330.954586
6314,330.952458
6315,330.950023
6316,330.947252
6317,330.944115
6318,330.940582
6319,330.936627
6320,330.932225
6321,330.927353
6322,330.921992
6323,330.916127
6324,330.909748
6325,330.902849
6326,330.895428
6327,330.887489
6328,330.879041
6329,330.870094
6330,330.860666
6331,330.850775
6332,330.840443
6333,330.829693
6334,330.818551
6335,330.807042
6336,330.992736
6337,331.015483
6338,331.035529
6339,331.052983
6340,331.067946
6341,331.080492
6342,331.090660
6343,331.098451
6344,331.103828
6345,331.106718
6346,331.107014
6347,331.104583
6348,331.099283
6349,331.091003
6350,331.079741
6351,331.065783
6352,331.050065
6353,331.034668
6354,331.020689
6355,331.008507
6356,330.998139
6357,330.989447
6358,330.982232
6359,330.976289
6360,330.971420
6361,330.967444
6362,330.964203
6363,330.961556
6364,330.959383
6365,330.957580
6366,330.956058
6367,330.954741
6368,330.953561
6369,330.952462
6370,330.951395
6371,330.950317
6372,330.949187
6373,330.947970
6374,330.946634
6375,330.945146
6376,330.943477
6377,330.941596
6378,330.939474
6379,330.937080
6380,330.934385
6381,330.931360
6382,330.927973
6383,330.924199
6384,330.920008
6385,330.915378
6386,330.910288
6387,330.904719
6388,330.898659
6389,330.892099
6390,330.885035
6391,330.877467
6392,330.869402
6393,330.860847
6394,330.851815
6395,330.842323
6396,330.832389
6397,330.822035
6398,330.811286
6399,330.800166
6400,331.041539
6401,331.066183
6402,331.087515
6403,331.105787
6404,331.121186
6405,331.133836
6406,331.143797
6407,331.151073
6408,331.155612
6409,331.157302
6410,331.155975
6411,331.151405
6412,331.143308
6413,331.131365
6414,331.115269
6415,331.094914
6416,331.071102
6417,331.049000
6418,331.029837
6419,331.013656
6420,331.000160
6421,330.988979
6422,330.979756
6423,330.972170
6424,330.965940
6425,330.960827
6426,330.956625
6427,330.953163
6428,330.950294
6429,330.947893
6430,330.945858
6431,330.944099
6432,330.942542
6433,330.941121
6434,330.939783
6435,330.938479
6436,330.937166
6437,330.935808
6438,330.934368
6439,330.932815
6440,330.931118
6441,330.929247
6442,330.927171
6443,330.924860
6444,330.922284
6445,330.919412
6446,330.916214
6447,330.912658
6448,330.908716
6449,330.904361
6450,330.899567
6451,330.894316
6452,330.888589
6453,330.882377
6454,330.875671
6455,330.868469
6456,330.860775
6457,330.852593
6458,330.843935
6459,330.834814
6460,330.825248
6461,330.815256
6462,330.804861
6463,330.794087
6464,331.100892
6465,331.127529
6466,331.150160
6467,331.169252
6468,331.185089
6469,331.197842
6470,331.207595
6471,331.214355
6472,331.218050
6473,331.218529
6474,331.215555
6475,331.208795
6476,331.197798
6477,331.181971
6478,331.160503
6479,331.132196
6480,331.094893
6481,331.064344
6482,331.039368
6483,331.018937
6484,331.002211
6485,330.988508
6486,330.977276
6487,330.968062
6488,330.960497
6489,330.954275
6490,330.949146
6491,330.944901
6492,330.941367
6493,330.938401
6494,330.935883
6495,330.933713
6496,330.931807
6497,330.930093
6498,330.928512
6499,330.927012
6500,330.925547
6501,330.924077
6502,330.922568
6503,330.920984
6504,330.919297
6505,330.917474
6506,330.915485
6507,330.913301
6508,330.910890
6509,330.908218
6510,330.905254
6511,330.901963
6512,330.898312
6513,330.894269
6514,330.889807
6515,330.884900
6516,330.879529
6517,330.873677
6518,330.867336
6519,330.860501
6520,330.853171
6521,330.845350
6522,330.837047
6523,330.828274
6524,330.819046
6525,330.809382
6526,330.799303
6527,330.788833
6528,331.154057
6529,331.182565
6530,331.206423
6531,331.226286
6532,331.242528
6533,331.255370
6534,331.264919
6535,331.271182
6536,331.274070
6537,331.273395
6538,331.268854
6539,331.260013
6540,331.246266
6541,331.226771
6542,331.200297
6543,331.164859
6544,331.116661
6545,331.078570
6546,331.048155
6547,331.023670
6548,331.003841
6549,330.987712
6550,330.974549
6551,330.963776
6552,330.954936
6553,330.947661
6554,330.941653
6555,330.936671
6556,330.932514
6557,330.929021
6558,330.926056
6559,330.923509
6560,330.921287
6561,330.919311
6562,330.917518
6563,330.915852
6564,330.914266
6565,330.912718
6566,330.911172
6567,330.909594
6568,330.907954
6569,330.906221
6570,330.904365
6571,330.902355
6572,330.900158
6573,330.897739
6574,330.895062
6575,330.892089
6576,330.888780
6577,330.885098
6578,330.881009
6579,330.876483
6580,330.871494
6581,330.866025
6582,330.860061
6583,330.853597
6584,330.846629
6585,330.839160
6586,330.831197
6587,330.822750
6588,330.813833
6589,330.804464
6590,330.794663
6591,330.784454
6592,331.194859
6593,331.224965
6594,331.249905
6595,331.270448
6596,331.287041
6597,331.299946
6598,331.309289
6599,331.315080
6600,331.317215
6601,331.315473
6602,331.309495
6603,331.298764
6604,331.282558
6605,331.259868
6606,331.229248
6607,331.188485
6608,331.133840
6609,331.090156
6610,331.055257
6611,331.027240
6612,331.004626
6613,330.986284
6614,330.971344
6615,330.959131
6616,330.949111
6617,330.940862
6618,330.934043
6619,330.928380
6620,330.923652
6621,330.919678
6622,330.916308
6623,330.913421
6624,330.910918
6625,330.908715
6626,330.906742
6627,330.904943
6628,330.903267
6629,330.901674
6630,330.900126
6631,330.898591
6632,330.897039
6633,330.895439
6634,330.893763
6635,330.891979
6636,330.890054
6637,330.887949
6638,330.885623
6639,330.883031
6640,330.880127
6641,330.876865
6642,330.873203
6643,330.869102
6644,330.864533
6645,330.859473
6646,330.853907
6647,330.847823
6648,330.841220
6649,330.834098
6650,330.826462
6651,330.818322
6652,330.809689
6653,330.800582
6654,330.791019
6655,330.781024
6656,331.225774
6657,331.257146
6658,331.282966
6659,331.304064
6660,331.320931
6661,331.333861
6662,331.342994
6663,331.348342
6664,331.349787
6665,331.347082
6666,331.339827
6667,331.327446
6668,331.309140
6669,331.283811
6670,331.249932
6671,331.205278
6672,331.146289
6673,331.098533
6674,331.060128
6675,331.029209
6676,331.004227
6677,330.983962
6678,330.967456
6679,330.953962
6680,330.942888
6681,330.933764
6682,330.926218
6683,330.919946
6684,330.914707
6685,330.910303
6686,330.906574
6687,330.903390
6688,330.900644
6689,330.898248
6690,330.896130
6691,330.894230
6692,330.892498
6693,330.890894
6694,330.889380
6695,330.887926
6696,330.886504
6697,330.885085
6698,330.883641
6699,330.882142
6700,330.880553
6701,330.878834
6702,330.876935
6703,330.874805
6704,330.872385
6705,330.869618
6706,330.866448
6707,330.862831
6708,330.858729
6709,330.854114
6710,330.848969
6711,330.843283
6712,330.837050
6713,330.830272
6714,330.822953
6715,330.815100
6716,330.806727
6717,330.797846
6718,330.788479
6719,330.778648
6720,331.248388
6721,331.280703
6722,331.307182
6723,331.328688
6724,331.345740
6725,331.358649
6726,331.367566
6727,331.372503
6728,331.373334
6729,331.369789
6730,331.361442
6731,331.347677
6732,331.327651
6733,331.300228
6734,331.263864
6735,331.216370
6736,331.154305
6737,331.103585
6738,331.062519
6739,331.029311
6740,331.002407
6741,330.980544
6742,330.962718
6743,330.948130
6744,330.936149
6745,330.926271
6746,330.918093
6747,330.911292
6748,330.905609
6749,330.900834
6750,330.896797
6751,330.893361
6752,330.890412
6753,330.887860
6754,330.885632
6755,330.883665
6756,330.881912
6757,330.880330
6758,330.878887
6759,330.877554
6760,330.876305
6761,330.875116
6762,330.873962
6763,330.872815
6764,330.871639
6765,330.870390
6766,330.869014
6767,330.867446
6768,330.865610
6769,330.863433
6770,330.860842
6771,330.857780
6772,330.854203
6773,330.850078
6774,330.845387
6775,330.840117
6776,330.834265
6777,330.827831
6778,330.820820
6779,330.813237
6780,330.805095
6781,330.796406
6782,330.787189
6783,330.777465
6784,331.263799
6785,331.296753
6786,331.323672
6787,331.345435
6788,331.362574
6789,331.375413
6790,331.384107
6791,331.388670
6792,331.388967
6793,331.384718
6794,331.375474
6795,331.360600
6796,331.339228
6797,331.310210
6798,331.272007
6799,331.222468
6800,331.158218
6801,331.105368
6802,331.062343
6803,331.027405
6804,330.999011
6805,330.975887
6806,330.957000
6807,330.941524
6808,330.928799
6809,330.918297
6810,330.909595
6811,330.902354
6812,330.896302
6813,330.891219
6814,330.886927
6815,330.883285
6816,330.880176
6817,330.877507
6818,330.875204
6819,330.873205
6820,330.871462
6821,330.869939
6822,330.868603
6823,330.867430
6824,330.866400
6825,330.865493
6826,330.864691
6827,330.863969
6828,330.863294
6829,330.862621
6830,330.861886
6831,330.861009
6832,330.859889
6833,330.858425
6834,330.856522
6835,330.854106
6836,330.851125
6837,330.847544
6838,330.843344
6839,330.838516
6840,330.833057
6841,330.826970
6842,330.820258
6843,330.812929
6844,330.804991
6845,330.796456
6846,330.787338
6847,330.777659
6848,331.272770
6849,331.306083
6850,331.333230
6851,331.355096
6852,331.372224
6853,331.384940
6854,331.393407
6855,331.397634
6856,331.397485
6857,331.392669
6858,331.382729
6859,331.367016
6860,331.344652
6861,331.314486
6862,331.274989
6863,331.224040
6864,331.158295
6865,331.103981
6866,331.059589
6867,331.023420
6868,330.993947
6869,330.969892
6870,330.950210
6871,330.934060
6872,330.920763
6873,330.909776
6874,330.900664
6875,330.893077
6876,330.886734
6877,330.881409
6878,330.876920
6879,330.873121
6880,330.869894
6881,330.867147
6882,330.864804
6883,330.862806
6884,330.861108
6885,330.859676
6886,330.858482
6887,330.857509
6888,330.856743
6889,330.856173
6890,330.855789
6891,330.855574
6892,330.855503
6893,330.855532
6894,330.855589
6895,330.855572
6896,330.855344
6897,330.854756
6898,330.853681
6899,330.852023
6900,330.849724
6901,330.846749
6902,330.843085
6903,330.838726
6904,330.833675
6905,330.827938
6906,330.821521
6907,330.814428
6908,330.806667
6909,330.798244
6910,330.789171
6911,330.779464
6912,331.275805
6913,331.309213
6914,331.336382
6915,331.358203
6916,331.375220
6917,331.387763
6918,331.395996
6919,331.399928
6920,331.399421
6921,331.394180
6922,331.383742
6923,331.367451
6924,331.344429
6925,331.313523
6926,331.273212
6927,331.221389
6928,331.154726
6929,331.099512
6930,331.054271
6931,331.017326
6932,330.987160
6933,330.962496
6934,330.942285
6935,330.925676
6936,330.911984
6937,330.900657
6938,330.891254
6939,330.883418
6940,330.876866
6941,330.871366
6942,330.866737
6943,330.862831
6944,330.859530
6945,330.856743
6946,330.854395
6947,330.852431
6948,330.850809
6949,330.849499
6950,330.848482
6951,330.847746
6952,330.847288
6953,330.847109
6954,330.847210
6955,330.847591
6956,330.848239
6957,330.849121
6958,330.850163
6959,330.851234
6960,330.852140
6961,330.852651
6962,330.852582
6963,330.851818
6964,330.850299
6965,330.848000
6966,330.844917
6967,330.841057
6968,330.836432
6969,330.831050
6970,330.824920
6971,330.818049
6972,330.810437
6973,330.802086
6974,330.792998
6975,330.783182
6976,331.273182
6977,331.306430
6978,331.333423
6979,331.355050
6980,331.371858
6981,331.384177
6982,331.392171
6983,331.395850
6984,331.395074
6985,331.389548
6986,331.378807
6987,331.362197
6988,331.338835
6989,331.307571
6990,331.266887
6991,331.214678
6992,331.147618
6993,331.092015
6994,331.046402
6995,331.009108
6996,330.978621
6997,330.953662
6998,330.933184
6999,330.916333
7000,330.902424
7001,330.890904
7002,330.881330
7003,330.873345
7004,330.866664
7005,330.861060
7006,330.856348
7007,330.852384
7008,330.849052
7009,330.846261
7010,330.843942
7011,330.842043
7012,330.840526
7013,330.839368
7014,330.838558
7015,330.838093
7016,330.837983
7017,330.838244
7018,330.838896
7019,330.839962
7020,330.841455
7021,330.843366
7022,330.845636
7023,330.848112
7024,330.850506
7025,330.852416
7026,330.853579
7027,330.853867
7028,330.853236
7029,330.851684
7030,330.849229
7031,330.845898
7032,330.841712
7033,330.836690
7034,330.830845
7035,330.824180
7036,330.816692
7037,330.808372
7038,330.799209
7039,330.789193
7040,331.264973
7041,331.297809
7042,331.324427
7043,331.345715
7044,331.362215
7045,331.374259
7046,331.382009
7047,331.385475
7048,331.384519
7049,331.378848
7050,331.368001
7051,331.351324
7052,331.327940
7053,331.296694
7054,331.256067
7055,331.203946
7056,331.136994
7057,331.081499
7058,331.035980
7059,330.998757
7060,330.968314
7061,330.943373
7062,330.922888
7063,330.906013
7064,330.892065
7065,330.880497
7066,330.870871
7067,330.862835
7068,330.856108
7069,330.850466
7070,330.845729
7071,330.841755
7072,330.838432
7073,330.835674
7074,330.833415
7075,330.831608
7076,330.830223
7077,330.829242
7078,330.828665
7079,330.828500
7080,330.828771
7081,330.829513
7082,330.830773
7083,330.832605
7084,330.835064
7085,330.838195
7086,330.841989
7087,330.846313
7088,330.850753
7089,330.854481
7090,330.857146
7091,330.858654
7092,330.859015
7093,330.858275
7094,330.856490
7095,330.853710
7096,330.849977
7097,330.845321
7098,330.839756
7099,330.833287
7100,330.825903
7101,330.817580
7102,330.808284
7103,330.797974
7104,331.251046
7105,331.283213
7106,331.309256
7107,331.330056
7108,331.346151
7109,331.357868
7110,331.365367
7111,331.368661
7112,331.367614
7113,331.361939
7114,331.351181
7115,331.334695
7116,331.311608
7117,331.280769
7118,331.240647
7119,331.189110
7120,331.122795
7121,331.067927
7122,331.022986
7123,330.986266
7124,330.956239
7125,330.931630
7126,330.911400
7127,330.894713
7128,330.880902
7129,330.869430
7130,330.859869
7131,330.851878
7132,330.845185
7133,330.839570
7134,330.834862
7135,330.830923
7136,330.827648
7137,330.824955
7138,330.822784
7139,330.821095
7140,330.819864
7141,330.819081
7142,330.818757
7143,330.818912
7144,330.819588
7145,330.820841
7146,330.822747
7147,330.825404
7148,330.828926
7149,330.833444
7150,330.839078
7151,330.845851
7152,330.853347
7153,330.859445
7154,330.863890
7155,330.866763
7156,330.868195
7157,330.868313
7158,330.867224
7159,330.865012
7160,330.861740
7161,330.857451
7162,330.852165
7163,330.845885
7164,330.838592
7165,330.830247
7166,330.820781
7167,330.810095
7168,331.231059
7169,331.262288
7170,331.287549
7171,331.307710
7172,331.323300
7173,331.334638
7174,331.341882
7175,331.345043
7176,331.343992
7177,331.338452
7178,331.327981
7179,331.311948
7180,331.289496
7181,331.259478
7182,331.220353
7183,331.169957
7184,331.104877
7185,331.051220
7186,331.007389
7187,330.971634
7188,330.942412
7189,330.918455
7190,330.898740
7191,330.882454
7192,330.868950
7193,330.857712
7194,330.848329
7195,330.840475
7196,330.833889
7197,330.828363
7198,330.823735
7199,330.819874
7200,330.816682
7201,330.814084
7202,330.812027
7203,330.810476
7204,330.809416
7205,330.808847
7206,330.808788
7207,330.809276
7208,330.810367
7209,330.812143
7210,330.814710
7211,330.818212
7212,330.822832
7213,330.828812
7214,330.836480
7215,330.846308
7216,330.859097
7217,330.868098
7218,330.874478
7219,330.878771
7220,330.881301
7221,330.882290
7222,330.881904
7223,330.880262
7224,330.877451
7225,330.873527
7226,330.868518
7227,330.862426
7228,330.855225
7229,330.846859
7230,330.837229
7231,330.826156
7232,331.204436
7233,331.234440
7234,331.258704
7235,331.278072
7236,331.293058
7237,331.303966
7238,331.310947
7239,331.314013
7240,331.313043
7241,331.307773
7242,331.297785
7243,331.282477
7244,331.261016
7245,331.232278
7246,331.194718
7247,331.146130
7248,331.083014
7249,331.031268
7250,330.989162
7251,330.954882
7252,330.926877
7253,330.903898
7254,330.884958
7255,330.869277
7256,330.856242
7257,330.845368
7258,330.836267
7259,330.828634
7260,330.822225
7261,330.816845
7262,330.812343
7263,330.808598
7264,330.805521
7265,330.803043
7266,330.801120
7267,330.799725
7268,330.798849
7269,330.798503
7270,330.798716
7271,330.799538
7272,330.801043
7273,330.803334
7274,330.806548
7275,330.810869
7276,330.816539
7277,330.823884
7278,330.833349
7279,330.845546
7280,330.861269
7281,330.872546
7282,330.880636
7283,330.886240
7284,330.889799
7285,330.891611
7286,330.891891
7287,330.890793
7288,330.888424
7289,330.884852
7290,330.880112
7291,330.874205
7292,330.867097
7293,330.858717
7294,330.848934
7295,330.837514
7296,331.170321
7297,331.198791
7298,331.221835
7299,331.240259
7300,331.254544
7301,331.264972
7302,331.271683
7303,331.274688
7304,331.273876
7305,331.269007
7306,331.259693
7307,331.245378
7308,331.225283
7309,331.198334
7310,331.163017
7311,331.117088
7312,331.056900
7313,331.007961
7314,330.968315
7315,330.936080
7316,330.909723
7317,330.888049
7318,330.870130
7319,330.855246
7320,330.842830
7321,330.832438
7322,330.823714
7323,330.816378
7324,330.810206
7325,330.805022
7326,330.800687
7327,330.797092
7328,330.794156
7329,330.791820
7330,330.790048
7331,330.788820
7332,330.788136
7333,330.788016
7334,330.788499
7335,330.789648
7336,330.791552
7337,330.794335
7338,330.798157
7339,330.803235
7340,330.809851
7341,330.818380
7342,330.829314
7343,330.843276
7344,330.860941
7345,330.873926
7346,330.883425
7347,330.890172
7348,330.894659
7349,330.897230
7350,330.898135
7351,330.897552
7352,330.895606
7353,330.892377
7354,330.887903
7355,330.882186
7356,330.875186
7357,330.866818
7358,330.856931
7359,330.845260
7360,331.127484
7361,331.154086
7362,331.175691
7363,331.193028
7364,331.206524
7365,331.216428
7366,331.222861
7367,331.225835
7368,331.225250
7369,331.220895
7370,331.212430
7371,331.199364
7372,331.181008
7373,331.156397
7374,331.124132
7375,331.082011
7376,331.026174
7377,330.981254
7378,330.944953
7379,330.915382
7380,330.891106
7381,330.871044
7382,330.854373
7383,330.840453
7384,330.828786
7385,330.818976
7386,330.810709
7387,330.803734
7388,330.797853
7389,330.792907
7390,330.788772
7391,330.785354
7392,330.782581
7393,330.780405
7394,330.778795
7395,330.777741
7396,330.777252
7397,330.777356
7398,330.778101
7399,330.779562
7400,330.781841
7401,330.785077
7402,330.789452
7403,330.795203
7404,330.802639
7405,330.812157
7406,330.824261
7407,330.839553
7408,330.858621
7409,330.872900
7410,330.883533
7411,330.891245
7412,330.896544
7413,330.899797
7414,330.901274
7415,330.901171
7416,330.899627
7417,330.896730
7418,330.892521
7419,330.887004
7420,330.880133
7421,330.871815
7422,330.861887
7423,330.850069
7424,331.074087
7425,331.098491
7426,331.118461
7427,331.134591
7428,331.147224
7429,331.156565
7430,331.162715
7431,331.165680
7432,331.165377
7433,331.161629
7434,331.154157
7435,331.142557
7436,331.126273
7437,331.104536
7438,331.076227
7439,331.039499
7440,330.990552
7441,330.951337
7442,330.919387
7443,330.893084
7444,330.871272
7445,330.853080
7446,330.837837
7447,330.825016
7448,330.814199
7449,330.805051
7450,330.797303
7451,330.790740
7452,330.785190
7453,330.780516
7454,330.776610
7455,330.773390
7456,330.770797
7457,330.768791
7458,330.767351
7459,330.766475
7460,330.766179
7461,330.766498
7462,330.767492
7463,330.769242
7464,330.771865
7465,330.775509
7466,330.780371
7467,330.786704
7468,330.794830
7469,330.805157
7470,330.818186
7471,330.834496
7472,330.854620
7473,330.869894
7474,330.881431
7475,330.889943
7476,330.895936
7477,330.899787
7478,330.901778
7479,330.902117
7480,330.900950
7481,330.898371
7482,330.894428
7483,330.889121
7484,330.882405
7485,330.874181
7486,330.864278
7487,330.852410
7488,331.007066
7489,331.029024
7490,331.047230
7491,331.062065
7492,331.073778
7493,331.082525
7494,331.088382
7495,331.091352
7496,331.091371
7497,331.088301
7498,331.081927
7499,331.071953
7500,331.057986
7501,331.039527
7502,331.015948
7503,330.986498
7504,330.950448
7505,330.919002
7506,330.892266
7507,330.869667
7508,330.850571
7509,330.834411
7510,330.820711
7511,330.809074
7512,330.799173
7513,330.790740
7514,330.783555
7515,330.777440
7516,330.772251
7517,330.767872
7518,330.764213
7519,330.761207
7520,330.758805
7521,330.756976
7522,330.755710
7523,330.755010
7524,330.754900
7525,330.755423
7526,330.756646
7527,330.758660
7528,330.761587
7529,330.765589
7530,330.770870
7531,330.777694
7532,330.786389
7533,330.797367
7534,330.811124
7535,330.828219
7536,330.849152
7537,330.865198
7538,330.877454
7539,330.886619
7540,330.893195
7541,330.897562
7542,330.900007
7543,330.900745
7544,330.899927
7545,330.897654
7546,330.893974
7547,330.888889
7548,330.882354
7549,330.874267
7550,330.864455
7551,330.852626
7552,330.942440
7553,330.961897
7554,330.978278
7555,330.991775
7556,331.002539
7557,331.010674
7558,331.016230
7559,331.019209
7560,331.019562
7561,331.017191
7562,331.011949
7563,331.003641
7564,330.992040
7565,330.976903
7566,330.958047
7567,330.935537
7568,330.910275
7569,330.886223
7570,330.864652
7571,330.845772
7572,330.829421
7573,330.815326
7574,330.803201
7575,330.792777
7576,330.783820
7577,330.776128
7578,330.769529
7579,330.763881
7580,330.759069
7581,330.755000
7582,330.751600
7583,330.748816
7584,330.746610
7585,330.744962
7586,330.743866
7587,330.743337
7588,330.743403
7589,330.744115
7590,330.745545
7591,330.747791
7592,330.750983
7593,330.755289
7594,330.760921
7595,330.768147
7596,330.777302
7597,330.788796
7598,330.803119
7599,330.820818
7600,330.842372
7601,330.859016
7602,330.871839
7603,330.881530
7604,330.888588
7605,330.893392
7606,330.896232
7607,330.897325
7608,330.896829
7609,330.894846
7610,330.891427
7611,330.886576
7612,330.880247
7613,330.872339
7614,330.862676
7615,330.850968
7616,330.887649
7617,330.904774
7618,330.919392
7619,330.931579
7620,330.941409
7621,330.948937
7622,330.954193
7623,330.957174
7624,330.957845
7625,330.956144
7626,330.951980
7627,330.945248
7628,330.935846
7629,330.923714
7630,330.908909
7631,330.891758
7632,330.873127
7633,330.854720
7634,330.837548
7635,330.822026
7636,330.808238
7637,330.796114
7638,330.785513
7639,330.776278
7640,330.768255
7641,330.761299
7642,330.755287
7643,330.750112
7644,330.745683
7645,330.741928
7646,330.738791
7647,330.736231
7648,330.734221
7649,330.732750
7650,330.731820
7651,330.731452
7652,330.731681
7653,330.732562
7654,330.734173
7655,330.736618
7656,330.740033
7657,330.744589
7658,330.750505
7659,330.758052
7660,330.767565
7661,330.779457
7662,330.794211
7663,330.812367
7664,330.834391
7665,330.851492
7666,330.864753
7667,330.874861
7668,330.882309
7669,330.887476
7670,330.890653
7671,330.892059
7672,330.891855
7673,330.890144
7674,330.886982
7675,330.882375
7676,330.876276
7677,330.868585
7678,330.859128
7679,330.847614
7680,330.841264
7681,330.856312
7682,330.869310
7683,330.880266
7684,330.889205
7685,330.896149
7686,330.901108
7687,330.904077
7688,330.905032
7689,330.903937
7690,330.900747
7691,330.895422
7692,330.887943
7693,330.878351
7694,330.866798
7695,330.853633
7696,330.839482
7697,330.825233
7698,330.811570
7699,330.798887
7700,330.787359
7701,330.777020
7702,330.767831
7703,330.759715
7704,330.752580
7705,330.746336
7706,330.740894
7707,330.736180
7708,330.732127
7709,330.728683
7710,330.725805
7711,330.723465
7712,330.721647
7713,330.720346
7714,330.719574
7715,330.719354
7716,330.719728
7717,330.720756
7718,330.722521
7719,330.725131
7720,330.728724
7721,330.733477
7722,330.739611
7723,330.747400
7724,330.757181
7725,330.769364
7726,330.784433
7727,330.802920
7728,330.825287
7729,330.842722
7730,330.856312
7731,330.866738
7732,330.874491
7733,330.879951
7734,330.883408
7735,330.885084
7736,330.885141
7737,330.883686
7738,330.880776
7739,330.876418
7740,330.870570
7741,330.863132
7742,330.853932
7743,330.842681
7744,330.801832
7745,330.815064
7746,330.826607
7747,330.836438
7748,330.844550
7749,330.850943
7750,330.855611
7751,330.858548
7752,330.859739
7753,330.859167
7754,330.856819
7755,330.852695
7756,330.846824
7757,330.839292
7758,330.830274
7759,330.820066
7760,330.809107
7761,330.797930
7762,330.786998
7763,330.776631
7764,330.767014
7765,330.758233
7766,330.750304
7767,330.743205
7768,330.736891
7769,330.731309
7770,330.726406
7771,330.722131
7772,330.718438
7773,330.715292
7774,330.712663
7775,330.710535
7776,330.708899
7777,330.707758
7778,330.707130
7779,330.707043
7780,330.707544
7781,330.708696
7782,330.710585
7783,330.713322
7784,330.717049
7785,330.721945
7786,330.728233
7787,330.736188
7788,330.746149
7789,330.758527
7790,330.773804
7791,330.792511
7792,330.815105
7793,330.832768
7794,330.846584
7795,330.857236
7796,330.865216
7797,330.870901
7798,330.874583
7799,330.876486
7800,330.876773
7801,330.875554
7802,330.872887
7803,330.868784
7804,330.863204
7805,330.856050
7806,330.847155
7807,330.836234
7808,330.768111
7809,330.779764
7810,330.790019
7811,330.798838
7812,330.806196
7813,330.812075
7814,330.816463
7815,330.819348
7816,330.820721
7817,330.820579
7818,330.818928
7819,330.815790
7820,330.811220
7821,330.805318
7822,330.798245
7823,330.790241
7824,330.781619
7825,330.772733
7826,330.763904
7827,330.755384
7828,330.747343
7829,330.739880
7830,330.733042
7831,330.726840
7832,330.721261
7833,330.716282
7834,330.711874
7835,330.708005
7836,330.704649
7837,330.701782
7838,330.699387
7839,330.697457
7840,330.695989
7841,330.694995
7842,330.694496
7843,330.694524
7844,330.695129
7845,330.696379
7846,330.698361
7847,330.701188
7848,330.705004
7849,330.709988
7850,330.716366
7851,330.724413
7852,330.734470
7853,330.746949
7854,330.762332
7855,330.781151
7856,330.803866
7857,330.821653
7858,330.835600
7859,330.846391
7860,330.854518
7861,330.860361
7862,330.864213
7863,330.866299
7864,330.866783
7865,330.865777
7866,330.863343
7867,330.859495
7868,330.854197
7869,330.847358
7870,330.838813
7871,330.828283
7872,330.739090
7873,330.749371
7874,330.758496
7875,330.766417
7876,330.773096
7877,330.778505
7878,330.782622
7879,330.785434
7880,330.786935
7881,330.787129
7882,330.786032
7883,330.783679
7884,330.780132
7885,330.775489
7886,330.769893
7887,330.763534
7888,330.756643
7889,330.749471
7890,330.742252
7891,330.735184
7892,330.728413
7893,330.722039
7894,330.716120
7895,330.710688
7896,330.705751
7897,330.701305
7898,330.697339
7899,330.693838
7900,330.690788
7901,330.688176
7902,330.685996
7903,330.684246
7904,330.682932
7905,330.682067
7906,330.681678
7907,330.681802
7908,330.682489
7909,330.683809
7910,330.685851
7911,330.688729
7912,330.692587
7913,330.697606
7914,330.704009
7915,330.712074
7916,330.722141
7917,330.734625
7918,330.750011
7919,330.768836
7920,330.791564
7921,330.809371
7922,330.823352
7923,330.834193
7924,330.842390
7925,330.848323
7926,330.852288
7927,330.854511
7928,330.855156
7929,330.854339
7930,330.852123
7931,330.848527
7932,330.843521
7933,330.837019
7934,330.828865
7935,330.818789
7936,330.713956
7937,330.723048
7938,330.731190
7939,330.738324
7940,330.744402
7941,330.749384
7942,330.753244
7943,330.755965
7944,330.757542
7945,330.757982
7946,330.757306
7947,330.755553
7948,330.752787
7949,330.749096
7950,330.744605
7951,330.739465
7952,330.733853
7953,330.727958
7954,330.721959
7955,330.716013
7956,330.710245
7957,330.704747
7958,330.699585
7959,330.694796
7960,330.690404
7961,330.686417
7962,330.682837
7963,330.679660
7964,330.676881
7965,330.674497
7966,330.672509
7967,330.670919
7968,330.669738
7969,330.668986
7970,330.668688
7971,330.668886
7972,330.669631
7973,330.670993
7974,330.673061
7975,330.675950
7976,330.679803
7977,330.684799
7978,330.691161
7979,330.699166
7980,330.709155
7981,330.721543
7982,330.736823
7983,330.755540
7984,330.778167
7985,330.795885
7986,330.809795
7987,330.820592
7988,330.828775
7989,330.834729
7990,330.838748
7991,330.841059
7992,330.841829
7993,330.841172
7994,330.839156
7995,330.835804
7996,330.831092
7997,330.824945
7998,330.817218
7999,330.807657
8000,330.692059
8001,330.700126
8002,330.707426
8003,330.713884
8004,330.719439
8005,330.724042
8006,330.727661
8007,330.730276
8008,330.731882
8009,330.732486
8010,330.732110
8011,330.730794
8012,330.728599
8013,330.725605
8014,330.721917
8015,330.717662
8016,330.712981
8017,330.708021
8018,330.702928
8019,330.697828
8020,330.692830
8021,330.688020
8022,330.683459
8023,330.679193
8024,330.675250
8025,330.671648
8026,330.668394
8027,330.665494
8028,330.662950
8029,330.660764
8030,330.658942
8031,330.657490
8032,330.656424
8033,330.655762
8034,330.655536
8035,330.655785
8036,330.656562
8037,330.657937
8038,330.659998
8039,330.662858
8040,330.666657
8041,330.671573
8042,330.677826
8043,330.685690
8044,330.695504
8045,330.707686
8046,330.722735
8047,330.741212
8048,330.763614
8049,330.781116
8050,330.794838
8051,330.805487
8052,330.813569
8053,330.819468
8054,330.823479
8055,330.825828
8056,330.826681
8057,330.826153
8058,330.824314
8059,330.821192
8060,330.816769
8061,330.810984
8062,330.803711
8063,330.794721
8064,330.672873
8065,330.680076
8066,330.686678
8067,330.692575
8068,330.697688
8069,330.701963
8070,330.705359
8071,330.707857
8072,330.709449
8073,330.710142
8074,330.709959
8075,330.708936
8076,330.707131
8077,330.704617
8078,330.701486
8079,330.697844
8080,330.693812
8081,330.689512
8082,330.685063
8083,330.680577
8084,330.676147
8085,330.671853
8086,330.667754
8087,330.663895
8088,330.660309
8089,330.657015
8090,330.654030
8091,330.651360
8092,330.649012
8093,330.646994
8094,330.645311
8095,330.643974
8096,330.643000
8097,330.642410
8098,330.642234
8099,330.642511
8100,330.643295
8101,330.644654
8102,330.646674
8103,330.649463
8104,330.653161
8105,330.657938
8106,330.664010
8107,330.671647
8108,330.681182
8109,330.693032
8110,330.707702
8111,330.725774
8112,330.747798
8113,330.764927
8114,330.778321
8115,330.788704
8116,330.796587
8117,330.802352
8118,330.806291
8119,330.808625
8120,330.809518
8121,330.809084
8122,330.807395
8123,330.804480
8124,330.800332
8125,330.794901
8126,330.788090
8127,330.779714
8128,330.655953
8129,330.662482
8130,330.668548
8131,330.674007
8132,330.678767
8133,330.682765
8134,330.685962
8135,330.688334
8136,330.689874
8137,330.690589
8138,330.690500
8139,330.689643
8140,330.688069
8141,330.685847
8142,330.683060
8143,330.679804
8144,330.676183
8145,330.672307
8146,330.668282
8147,330.664206
8148,330.660165
8149,330.656232
8150,330.652464
8151,330.648905
8152,330.645586
8153,330.642532
8154,330.639756
8155,330.637269
8156,330.635081
8157,330.633197
8158,330.631627
8159,330.630383
8160,330.629480
8161,330.628940
8162,330.628792
8163,330.629076
8164,330.629842
8165,330.631156
8166,330.633100
8167,330.635779
8168,330.639326
8169,330.643906
8170,330.649726
8171,330.657045
8172,330.666189
8173,330.677562
8174,330.691668
8175,330.709108
8176,330.730517
8177,330.747054
8178,330.759946
8179,330.769928
8180,330.777505
8181,330.783051
8182,330.786850
8183,330.789114
8184,330.790003
8185,330.789627
8186,330.788056
8187,330.785321
8188,330.781421
8189,330.776319
8190,330.769941
8191,330.762173
8192,330.784070
8193,330.797230
8194,330.809694
8195,330.821702
8196,330.833411
8197,330.844935
8198,330.856363
8199,330.867765
8200,330.879204
8201,330.890732
8202,330.902395
8203,330.914234
8204,330.926284
8205,330.938570
8206,330.951113
8207,330.963922
8208,330.976993
8209,330.990307
8210,331.003823
8211,331.017474
8212,331.031156
8213,331.044723
8214,331.057973
8215,331.070732
8216,331.082881
8217,331.094339
8218,331.105058
8219,331.115010
8220,331.124189
8221,331.132602
8222,331.140271
8223,331.147226
8224,331.153514
8225,331.159189
8226,331.164320
8227,331.168993
8228,331.173310
8229,331.177400
8230,331.181424
8231,331.185493
8232,331.189624
8233,331.193741
8234,331.197664
8235,331.201107
8236,331.203734
8237,331.205294
8238,331.205594
8239,331.204491
8240,331.201874
8241,331.197663
8242,331.191800
8243,331.184249
8244,331.174996
8245,331.164046
8246,331.151429
8247,331.137199
8248,331.121449
8249,331.104310
8250,331.085973
8251,331.066702
8252,331.046790
8253,331.026408
8254,331.005609
8255,330.984306
8256,330.781886
8257,330.795349
8258,330.808263
8259,330.820779
8260,330.833021
8261,330.845091
8262,330.857073
8263,330.869036
8264,330.881043
8265,330.893146
8266,330.905393
8267,330.917826
8268,330.930479
8269,330.943380
8270,330.956550
8271,330.969997
8272,330.983719
8273,330.997693
8274,331.011877
8275,331.026201
8276,331.040555
8277,331.054786
8278,331.068685
8279,331.082069
8280,331.094814
8281,331.106836
8282,331.118082
8283,331.128524
8284,331.138156
8285,331.146984
8286,331.155031
8287,331.162330
8288,331.168928
8289,331.174884
8290,331.180269
8291,331.185172
8292,331.189701
8293,331.193992
8294,331.198210
8295,331.202471
8296,331.206793
8297,331.211094
8298,331.215188
8299,331.218776
8300,331.221509
8301,331.223123
8302,331.223418
8303,331.222242
8304,331.219479
8305,331.215045
8306,331.208879
8307,331.200946
8308,331.191229
8309,331.179734
8310,331.166492
8311,331.151564
8312,331.135045
8313,331.117077
8314,331.097860
8315,331.077675
8316,331.056833
8317,331.035527
8318,331.013845
8319,330.991779
8320,330.780404
8321,330.794019
8322,330.807229
8323,330.820123
8324,330.832791
8325,330.845316
8326,330.857770
8327,330.870220
8328,330.882724
8329,330.895334
8330,330.908097
8331,330.921054
8332,330.934240
8333,330.947684
8334,330.961406
8335,330.975414
8336,330.989704
8337,331.004254
8338,331.019019
8339,331.033925
8340,331.048859
8341,331.063661
8342,331.078118
8343,331.092039
8344,331.105298
8345,331.117804
8346,331.129505
8347,331.140372
8348,331.150394
8349,331.159582
8350,331.167956
8351,331.175553
8352,331.182420
8353,331.188618
8354,331.194222
8355,331.199324
8356,331.204035
8357,331.208496
8358,331.212876
8359,331.217292
8360,331.221763
8361,331.226204
8362,331.230423
8363,331.234111
8364,331.236909
8365,331.238546
8366,331.238813
8367,331.237551
8368,331.234643
8369,331.229998
8370,331.223557
8371,331.215279
8372,331.205150
8373,331.193177
8374,331.179393
8375,331.163862
8376,331.146686
8377,331.128014
8378,331.108058
8379,331.087114
8380,331.065512
8381,331.043469
8382,331.021110
8383,330.998481
8384,330.779389
8385,330.793094
8386,330.806509
8387,330.819687
8388,330.832692
8389,330.845589
8390,330.858440
8391,330.871305
8392,330.884236
8393,330.897284
8394,330.910493
8395,330.923905
8396,330.937552
8397,330.951465
8398,330.965661
8399,330.980150
8400,330.994925
8401,331.009965
8402,331.025221
8403,331.040617
8404,331.056037
8405,331.071318
8406,331.086239
8407,331.100610
8408,331.114296
8409,331.127209
8410,331.139291
8411,331.150512
8412,331.160863
8413,331.170352
8414,331.179002
8415,331.186849
8416,331.193941
8417,331.200342
8418,331.206128
8419,331.211394
8420,331.216254
8421,331.220851
8422,331.225357
8423,331.229891
8424,331.234469
8425,331.239006
8426,331.243304
8427,331.247049
8428,331.249875
8429,331.251503
8430,331.251720
8431,331.250364
8432,331.247310
8433,331.242468
8434,331.235776
8435,331.227194
8436,331.216707
8437,331.204323
8438,331.190079
8439,331.174041
8440,331.156317
8441,331.137065
8442,331.116506
8443,331.094949
8444,331.072742
8445,331.050123
8446,331.027243
8447,331.004181
8448,330.778696
8449,330.792462
8450,330.806024
8451,330.819418
8452,330.832688
8453,330.845886
8454,330.859065
8455,330.872276
8456,330.885567
8457,330.898984
8458,330.912571
8459,330.926367
8460,330.940404
8461,330.954709
8462,330.969302
8463,330.984190
8464,330.999366
8465,331.014807
8466,331.030464
8467,331.046257
8468,331.062070
8469,331.077735
8470,331.093029
8471,331.107760
8472,331.121789
8473,331.135027
8474,331.147414
8475,331.158920
8476,331.169535
8477,331.179267
8478,331.188138
8479,331.196186
8480,331.203460
8481,331.210023
8482,331.215953
8483,331.221347
8484,331.226321
8485,331.231017
8486,331.235612
8487,331.240223
8488,331.244868
8489,331.249458
8490,331.253792
8491,331.257553
8492,331.260370
8493,331.261961
8494,331.262107
8495,331.260644
8496,331.257446
8497,331.252421
8498,331.245505
8499,331.236659
8500,331.225867
8501,331.213141
8502,331.198517
8503,331.182067
8504,331.163904
8505,331.144189
8506,331.123156
8507,331.101123
8508,331.078450
8509,331.055393
8510,331.032120
8511,331.008730
8512,330.778224
8513,330.792035
8514,330.805707
8515,330.819265
8516,330.832743
8517,330.846182
8518,330.859625
8519,330.873118
8520,330.886704
8521,330.900426
8522,330.914324
8523,330.928433
8524,330.942786
8525,330.957410
8526,330.972320
8527,330.987525
8528,331.003018
8529,331.018772
8530,331.034738
8531,331.050836
8532,331.066947
8533,331.082903
8534,331.098479
8535,331.113479
8536,331.127766
8537,331.141248
8538,331.153865
8539,331.165585
8540,331.176399
8541,331.186314
8542,331.195353
8543,331.203552
8544,331.210961
8545,331.217644
8546,331.223679
8547,331.229163
8548,331.234214
8549,331.238973
8550,331.243619
8551,331.248268
8552,331.252937
8553,331.257537
8554,331.261866
8555,331.265603
8556,331.268376
8557,331.269900
8558,331.269957
8559,331.268378
8560,331.265037
8561,331.259842
8562,331.252729
8563,331.243658
8564,331.232615
8565,331.219613
8566,331.204690
8567,331.187920
8568,331.169420
8569,331.149359
8570,331.127972
8571,331.105589
8572,331.082578
8573,331.059207
8574,331.035655
8575,331.012030
8576,330.777904
8577,330.791748
8578,330.805503
8579,330.819186
8580,330.832824
8581,330.846451
8582,330.860103
8583,330.873820
8584,330.887640
8585,330.901603
8586,330.915744
8587,330.930100
8588,330.944698
8589,330.959564
8590,330.974715
8591,330.990155
8592,331.005878
8593,331.021857
8594,331.038042
8595,331.054352
8596,331.070668
8597,331.086821
8598,331.102586
8599,331.117767
8600,331.132227
8601,331.145871
8602,331.158642
8603,331.170506
8604,331.181453
8605,331.191492
8606,331.200643
8607,331.208944
8608,331.216443
8609,331.223204
8610,331.229304
8611,331.234841
8612,331.239930
8613,331.244716
8614,331.249373
8615,331.254019
8616,331.258672
8617,331.263240
8618,331.267522
8619,331.271197
8620,331.273892
8621,331.275322
8622,331.275269
8623,331.273564
8624,331.270082
8625,331.264730
8626,331.257445
8627,331.248189
8628,331.236948
8629,331.223735
8630,331.208591
8631,331.191593
8632,331.172857
8633,331.152557
8634,331.130933
8635,331.108318
8636,331.085089
8637,331.061518
8638,331.037791
8639,331.014022
8640,330.777683
8641,330.791553
8642,330.805368
8643,330.819145
8644,330.832904
8645,330.846673
8646,330.860484
8647,330.874370
8648,330.888367
8649,330.902510
8650,330.916833
8651,330.931367
8652,330.946141
8653,330.961176
8654,330.976489
8655,330.992084
8656,331.007953
8657,331.024069
8658,331.040382
8659,331.056812
8660,331.073240
8661,331.089497
8662,331.105360
8663,331.120633
8664,331.135179
8665,331.148906
8666,331.161754
8667,331.173692
8668,331.184708
8669,331.194811
8670,331.204020
8671,331.212373
8672,331.219917
8673,331.226714
8674,331.232841
8675,331.238392
8676,331.243484
8677,331.248258
8678,331.252888
8679,331.257493
8680,331.262087
8681,331.266582
8682,331.270776
8683,331.274350
8684,331.276932
8685,331.278241
8686,331.278058
8687,331.276217
8688,331.272594
8689,331.267099
8690,331.259668
8691,331.250265
8692,331.238877
8693,331.225517
8694,331.210229
8695,331.193089
8696,331.174215
8697,331.153782
8698,331.132031
8699,331.109299
8700,331.085963
8701,331.062299
8702,331.038496
8703,331.014671
8704,330.777526
8705,330.791413
8706,330.805272
8707,330.819115
8708,330.832960
8709,330.846832
8710,330.860756
8711,330.874762
8712,330.888883
8713,330.903149
8714,330.917592
8715,330.932241
8716,330.947121
8717,330.962254
8718,330.977654
8719,330.993324
8720,331.009255
8721,331.025421
8722,331.041773
8723,331.058231
8724,331.074678
8725,331.090947
8726,331.106816
8727,331.122093
8728,331.136641
8729,331.150370
8730,331.163221
8731,331.175162
8732,331.186184
8733,331.196292
8734,331.205507
8735,331.213863
8736,331.221408
8737,331.228200
8738,331.234315
8739,331.239845
8740,331.244904
8741,331.249630
8742,331.254197
8743,331.258720
8744,331.263215
8745,331.267595
8746,331.271659
8747,331.275093
8748,331.277529
8749,331.278687
8750,331.278353
8751,331.276366
8752,331.272603
8753,331.266975
8754,331.259423
8755,331.249909
8756,331.238424
8757,331.224981
8758,331.209623
8759,331.192426
8760,331.173509
8761,331.153045
8762,331.131275
8763,331.108535
8764,331.085199
8765,331.061546
8766,331.037763
8767,331.013967
8768,330.777405
8769,330.791303
8770,330.805190
8771,330.819077
8772,330.832979
8773,330.846917
8774,330.860913
8775,330.874994
8776,330.889189
8777,330.903524
8778,330.918030
8779,330.932732
8780,330.947654
8781,330.962814
8782,330.978226
8783,330.993893
8784,331.009806
8785,331.025937
8786,331.042239
8787,331.058634
8788,331.075007
8789,331.091196
8790,331.106982
8791,331.122174
8792,331.136640
8793,331.150291
8794,331.163071
8795,331.174948
8796,331.185912
8797,331.195969
8798,331.205137
8799,331.213451
8800,331.220953
8801,331.227703
8802,331.233770
8803,331.239245
8804,331.244237
8805,331.248881
8806,331.253348
8807,331.257751
8808,331.262107
8809,331.266330
8810,331.270223
8811,331.273476
8812,331.275729
8813,331.276706
8814,331.276201
8815,331.274055
8816,331.270150
8817,331.264401
8818,331.256750
8819,331.247163
8820,331.235629
8821,331.222163
8822,331.206808
8823,331.189638
8824,331.170770
8825,331.150375
8826,331.128691
8827,331.106047
8828,331.082818
8829,331.059275
8830,331.035605
8831,331.011923
8832,330.777302
8833,330.791205
8834,330.805108
8835,330.819018
8836,330.832951
8837,330.846922
8838,330.860954
8839,330.875068
8840,330.889290
8841,330.903645
8842,330.918159
8843,330.932855
8844,330.947755
8845,330.962877
8846,330.978231
8847,330.993820
8848,331.009633
8849,331.025646
8850,331.041811
8851,331.058054
8852,331.074263
8853,331.090280
8854,331.105891
8855,331.120911
8856,331.135213
8857,331.148709
8858,331.161346
8859,331.173092
8860,331.183937
8861,331.193887
8862,331.202960
8863,331.211186
8864,331.218607
8865,331.225277
8866,331.231264
8867,331.236653
8868,331.241547
8869,331.246078
8870,331.250411
8871,331.254659
8872,331.258836
8873,331.262858
8874,331.266537
8875,331.269568
8876,331.271599
8877,331.272365
8878,331.271664
8879,331.269346
8880,331.265298
8881,331.259438
8882,331.251710
8883,331.242083
8884,331.230547
8885,331.217117
8886,331.201834
8887,331.184772
8888,331.166044
8889,331.145817
8890,331.124320
8891,331.101879
8892,331.078858
8893,331.055523
8894,331.032057
8895,331.008570
8896,330.777208
8897,330.791110
8898,330.805016
8899,330.818932
8900,330.832872
8901,330.846849
8902,330.860881
8903,330.874990
8904,330.889197
8905,330.903524
8906,330.917995
8907,330.932631
8908,330.947451
8909,330.962471
8910,330.977699
8911,330.993137
8912,331.008776
8913,331.024589
8914,331.040533
8915,331.056535
8916,331.072489
8917,331.088243
8918,331.103592
8919,331.118355
8920,331.132411
8921,331.145676
8922,331.158099
8923,331.169650
8924,331.180320
8925,331.190111
8926,331.199041
8927,331.207137
8928,331.214439
8929,331.220997
8930,331.226874
8931,331.232149
8932,331.236919
8933,331.241309
8934,331.245479
8935,331.249536
8936,331.253495
8937,331.257275
8938,331.260694
8939,331.263459
8940,331.265229
8941,331.265749
8942,331.264829
8943,331.262326
8944,331.258130
8945,331.252167
8946,331.244383
8947,331.234747
8948,331.223253
8949,331.209915
8950,331.194773
8951,331.177898
8952,331.159399
8953,331.139434
8954,331.118227
8955,331.096091
8956,331.073379
8957,331.050348
8958,331.027174
8959,331.003962
8960,330.777117
8961,330.791013
8962,330.804912
8963,330.818819
8964,330.832744
8965,330.846701
8966,330.860704
8967,330.874773
8968,330.888925
8969,330.903182
8970,330.917563
8971,330.932087
8972,330.946771
8973,330.961629
8974,330.976668
8975,330.991888
8976,331.007278
8977,331.022815
8978,331.038455
8979,331.054132
8980,331.069743
8981,331.085147
8982,331.100145
8983,331.114568
8984,331.128299
8985,331.141261
8986,331.153403
8987,331.164699
8988,331.175137
8989,331.184720
8990,331.193463
8991,331.201391
8992,331.208540
8993,331.214956
8994,331.220697
8995,331.225834
8996,331.230459
8997,331.234686
8998,331.238667
8999,331.242502
9000,331.246205
9001,331.249700
9002,331.252813
9003,331.255266
9004,331.256732
9005,331.256973
9006,331.255809
9007,331.253104
9008,331.248758
9009,331.242699
9010,331.234876
9011,331.225264
9012,331.213853
9013,331.200660
9014,331.185723
9015,331.169110
9016,331.150925
9017,331.131318
9018,331.110500
9019,331.088769
9020,331.066465
9021,331.043831
9022,331.021033
9023,330.998172
9024,330.777030
9025,330.790916
9026,330.804798
9027,330.818682
9028,330.832574
9029,330.846487
9030,330.860434
9031,330.874431
9032,330.888493
9033,330.902640
9034,330.916888
9035,330.931253
9036,330.945751
9037,330.960392
9038,330.975182
9039,330.990121
9040,331.005196
9041,331.020384
9042,331.035645
9043,331.050914
9044,331.066098
9045,331.081065
9046,331.095629
9047,331.109631
9048,331.122963
9049,331.135552
9050,331.147352
9051,331.158335
9052,331.168490
9053,331.177819
9054,331.186335
9055,331.194059
9056,331.201024
9057,331.207272
9058,331.212854
9059,331.217836
9060,331.222298
9061,331.226345
9062,331.230116
9063,331.233703
9064,331.237116
9065,331.240282
9066,331.243042
9067,331.245135
9068,331.246256
9069,331.246183
9070,331.244749
9071,331.241829
9072,331.237329
9073,331.231180
9074,331.223338
9075,331.213775
9076,331.202486
9077,331.189487
9078,331.174815
9079,331.158534
9080,331.140744
9081,331.121584
9082,331.101251
9083,331.080026
9084,331.058225
9085,331.036077
9086,331.013734
9087,330.991293
9088,330.776952
9089,330.790825
9090,330.804683
9091,330.818530
9092,330.832374
9093,330.846223
9094,330.860089
9095,330.873985
9096,330.887926
9097,330.901926
9098,330.916001
9099,330.930165
9100,330.944430
9101,330.958805
9102,330.973294
9103,330.987894
9104,331.002592
9105,331.017367
9106,331.032177
9107,331.046964
9108,331.061643
9109,331.076091
9110,331.090140
9111,331.103647
9112,331.116511
9113,331.128666
9114,331.140066
9115,331.150685
9116,331.160512
9117,331.169545
9118,331.177796
9119,331.185283
9120,331.192037
9121,331.198092
9122,331.203496
9123,331.208307
9124,331.212595
9125,331.216452
9126,331.219999
9127,331.223316
9128,331.226407
9129,331.229206
9130,331.231566
9131,331.233251
9132,331.233984
9133,331.233565
9134,331.231840
9135,331.228693
9136,331.224037
9137,331.217806
9138,331.209960
9139,331.200472
9140,331.189340
9141,331.176577
9142,331.162222
9143,331.146338
9144,331.129015
9145,331.110386
9146,331.090630
9147,331.070003
9148,331.048796
9149,331.027214
9150,331.005399
9151,330.983441
9152,330.776893
9153,330.790748
9154,330.804575
9155,330.818376
9156,330.832157
9157,330.845924
9158,330.859687
9159,330.873458
9160,330.887248
9161,330.901071
9162,330.914938
9163,330.928863
9164,330.942854
9165,330.956919
9166,330.971059
9167,330.985270
9168,330.999539
9169,331.013843
9170,331.028143
9171,331.042383
9172,331.056484
9173,331.070340
9174,331.083804
9175,331.096749
9176,331.109086
9177,331.120752
9178,331.131704
9179,331.141914
9180,331.151371
9181,331.160071
9182,331.168024
9183,331.175245
9184,331.181760
9185,331.187600
9186,331.192809
9187,331.197435
9188,331.201541
9189,331.205203
9190,331.208518
9191,331.211549
9192,331.214295
9193,331.216691
9194,331.218607
9195,331.219840
9196,331.220151
9197,331.219361
9198,331.217329
9199,331.213949
9200,331.209138
9201,331.202835
9202,331.194999
9203,331.185609
9204,331.174662
9205,331.162173
9206,331.148179
9207,331.132741
9208,331.115948
9209,331.097920
9210,331.078822
9211,331.058879
9212,331.038342
9213,331.017395
9214,330.996169
9215,330.974747
9216,330.776863
9217,330.790700
9218,330.804491
9219,330.818238
9220,330.831943
9221,330.845612
9222,330.859254
9223,330.872877
9224,330.886491
9225,330.900108
9226,330.913737
9227,330.927388
9228,330.941070
9229,330.954786
9230,330.968538
9231,330.982318
9232,330.996114
9233,331.009901
9234,331.023642
9235,331.037284
9236,331.050755
9237,331.063958
9238,331.076780
9239,331.089113
9240,331.100876
9241,331.112010
9242,331.122473
9243,331.132237
9244,331.141289
9245,331.149624
9246,331.157248
9247,331.164175
9248,331.170427
9249,331.176031
9250,331.181025
9251,331.185452
9252,331.189365
9253,331.192827
9254,331.195904
9255,331.198639
9256,331.201022
9257,331.202994
9258,331.204439
9259,331.205190
9260,331.205059
9261,331.203887
9262,331.201545
9263,331.197933
9264,331.192972
9265,331.186606
9266,331.178797
9267,331.169524
9268,331.158785
9269,331.146598
9270,331.132998
9271,331.118044
9272,331.101821
9273,331.084445
9274,331.066064
9275,331.046867
9276,331.027056
9277,331.006794
9278,330.986200
9279,330.965357
9280,330.776877
9281,330.790696
9282,330.804448
9283,330.818132
9284,330.831752
9285,330.845311
9286,330.858814
9287,330.872270
9288,330.885687
9289,330.899073
9290,330.912437
9291,330.925787
9292,330.939128
9293,330.952464
9294,330.965793
9295,330.979109
9296,330.992397
9297,331.005633
9298,331.018781
9299,331.031793
9300,331.044604
9301,331.057132
9302,331.069285
9303,331.080978
9304,331.092137
9305,331.102708
9306,331.112651
9307,331.121939
9308,331.130557
9309,331.138499
9310,331.145769
9311,331.152378
9312,331.158342
9313,331.163688
9314,331.168445
9315,331.172651
9316,331.176350
9317,331.179588
9318,331.182409
9319,331.184835
9320,331.186852
9321,331.188403
9322,331.189389
9323,331.189677
9324,331.189116
9325,331.187572
9326,331.184930
9327,331.181095
9328,331.175997
9329,331.169581
9330,331.161812
9331,331.152672
9332,331.142160
9333,331.130293
9334,331.117106
9335,331.102656
9336,331.087024
9337,331.070315
9338,331.052661
9339,331.034218
9340,331.015149
9341,330.995593
9342,330.975659
9343,330.955422
9344,330.776954
9345,330.790755
9346,330.804465
9347,330.818082
9348,330.831608
9349,330.845045
9350,330.858397
9351,330.871670
9352,330.884870
9353,330.898004
9354,330.911080
9355,330.924104
9356,330.937079
9357,330.950008
9358,330.962888
9359,330.975713
9360,330.988467
9361,331.001128
9362,331.013663
9363,331.026028
9364,331.038166
9365,331.050011
9366,331.061488
9367,331.072526
9368,331.083064
9369,331.093053
9370,331.102455
9371,331.111244
9372,331.119406
9373,331.126933
9374,331.133826
9375,331.140093
9376,331.145749
9377,331.150813
9378,331.155311
9379,331.159273
9380,331.162733
9381,331.165722
9382,331.168268
9383,331.170377
9384,331.172032
9385,331.173179
9386,331.173736
9387,331.173595
9388,331.172636
9389,331.170746
9390,331.167823
9391,331.163785
9392,331.158566
9393,331.152115
9394,331.144401
9395,331.135408
9396,331.125134
9397,331.113597
9398,331.100832
9399,331.086891
9400,331.071849
9401,331.055800
9402,331.038859
9403,331.021155
9404,331.002819
9405,330.983971
9406,330.964705
9407,330.945090
9408,330.777113
9409,330.790897
9410,330.804564
9411,330.818112
9412,330.831538
9413,330.844844
9414,330.858033
9415,330.871108
9416,330.884076
9417,330.896941
9418,330.909709
9419,330.922385
9420,330.934973
9421,330.947474
9422,330.959884
9423,330.972197
9424,330.984400
9425,330.996470
9426,331.008380
9427,331.020091
9428,331.031555
9429,331.042716
9430,331.053516
9431,331.063897
9432,331.073806
9433,331.083202
9434,331.092049
9435,331.100325
9436,331.108014
9437,331.115107
9438,331.121604
9439,331.127510
9440,331.132837
9441,331.137599
9442,331.141817
9443,331.145513
9444,331.148710
9445,331.151430
9446,331.153687
9447,331.155478
9448,331.156781
9449,331.157549
9450,331.157713
9451,331.157183
9452,331.155864
9453,331.153661
9454,331.150487
9455,331.146270
9456,331.140949
9457,331.134481
9458,331.126835
9459,331.117998
9460,331.107971
9461,331.096768
9462,331.084423
9463,331.070984
9464,331.056519
9465,331.041110
9466,331.024855
9467,331.007863
9468,330.990240
9469,330.972087
9470,330.953487
9471,330.934501
9472,330.777373
9473,330.791145
9474,330.804770
9475,330.818245
9476,330.831566
9477,330.844735
9478,330.857751
9479,330.870618
9480,330.883340
9481,330.895920
9482,330.908365
9483,330.920677
9484,330.932860
9485,330.944915
9486,330.956839
9487,330.968626
9488,330.980264
9489,330.991735
9490,331.003014
9491,331.014070
9492,331.024862
9493,331.035345
9494,331.045473
9495,331.055198
9496,331.064478
9497,331.073275
9498,331.081561
9499,331.089313
9500,331.096516
9501,331.103161
9502,331.109248
9503,331.114777
9504,331.119757
9505,331.124199
9506,331.128117
9507,331.131527
9508,331.134445
9509,331.136881
9510,331.138842
9511,331.140317
9512,331.141284
9513,331.141700
9514,331.141506
9515,331.140629
9516,331.138991
9517,331.136512
9518,331.133119
9519,331.128749
9520,331.123349
9521,331.116881
9522,331.109317
9523,331.100645
9524,331.090866
9525,331.079996
9526,331.068063
9527,331.055113
9528,331.041204
9529,331.026408
9530,331.010808
9531,330.994495
9532,330.977558
9533,330.960081
9534,330.942136
9535,330.923777
9536,330.777758
9537,330.791521
9538,330.805106
9539,330.818508
9540,330.831723
9541,330.844748
9542,330.857585
9543,330.870234
9544,330.882698
9545,330.894981
9546,330.907088
9547,330.919022
9548,330.930786
9549,330.942382
9550,330.953806
9551,330.965056
9552,330.976121
9553,330.986987
9554,330.997634
9555,331.008036
9556,331.018161
9557,331.027974
9558,331.037437
9559,331.046512
9560,331.055164
9561,331.063363
9562,331.071084
9563,331.078305
9564,331.085015
9565,331.091203
9566,331.096867
9567,331.102006
9568,331.106626
9569,331.110733
9570,331.114336
9571,331.117446
9572,331.120071
9573,331.122216
9574,331.123878
9575,331.125045
9576,331.125694
9577,331.125785
9578,331.125268
9579,331.124083
9580,331.122165
9581,331.119447
9582,331.115868
9583,331.111373
9584,331.105917
9585,331.099465
9586,331.091994
9587,331.083494
9588,331.073965
9589,331.063421
9590,331.051889
9591,331.039409
9592,331.026032
9593,331.011819
9594,330.996841
9595,330.981175
9596,330.964894
9597,330.948069
9598,330.930763
9599,330.913025
9600,330.778289
9601,330.792049
9602,330.805598
9603,330.818929
9604,330.832035
9605,330.844914
9606,330.857565
9607,330.869988
9608,330.882186
9609,330.894162
9610,330.905920
9611,330.917463
9612,330.928796
9613,330.939920
9614,330.950835
9615,330.961539
9616,330.972025
9617,330.982284
9618,330.992298
9619,331.002050
9620,331.011514
9621,331.020664
9622,331.029469
9623,331.037900
9624,331.045930
9625,331.053533
9626,331.060688
9627,331.067377
9628,331.073588
9629,331.079312
9630,331.084544
9631,331.089284
9632,331.093533
9633,331.097294
9634,331.100572
9635,331.103372
9636,331.105697
9637,331.107546
9638,331.108913
9639,331.109782
9640,331.110131
9641,331.109924
9642,331.109117
9643,331.107661
9644,331.105500
9645,331.102578
9646,331.098844
9647,331.094252
9648,331.088761
9649,331.082342
9650,331.074976
9651,331.066652
9652,331.057371
9653,331.047147
9654,331.036003
9655,331.023973
9656,331.011101
9657,330.997441
9658,330.983053
9659,330.967999
9660,330.952344
9661,330.936147
9662,330.919462
9663,330.902333
9664,330.778989
9665,330.792754
9666,330.806272
9667,330.819533
9668,330.832531
9669,330.845261
9670,330.857722
9671,330.869914
9672,330.881838
9673,330.893497
9674,330.904895
9675,330.916038
9676,330.926929
9677,330.937571
9678,330.947968
9679,330.958120
9680,330.968022
9681,330.977670
9682,330.987053
9683,330.996158
9684,331.004966
9685,331.013459
9686,331.021615
9687,331.029409
9688,331.036822
9689,331.043833
9690,331.050424
9691,331.056580
9692,331.062290
9693,331.067546
9694,331.072343
9695,331.076676
9696,331.080547
9697,331.083954
9698,331.086900
9699,331.089384
9700,331.091406
9701,331.092961
9702,331.094039
9703,331.094624
9704,331.094692
9705,331.094212
9706,331.093147
9707,331.091452
9708,331.089082
9709,331.085990
9710,331.082131
9711,331.077466
9712,331.071962
9713,331.065592
9714,331.058338
9715,331.050194
9716,331.041160
9717,331.031247
9718,331.020475
9719,331.008875
9720,330.996484
9721,330.983348
9722,330.969517
9723,330.955045
9724,330.939986
9725,330.924391
9726,330.908307
9727,330.891774
9728,330.779881
9729,330.793659
9730,330.807151
9731,330.820347
9732,330.833238
9733,330.845819
9734,330.858087
9735,330.870042
9736,330.881685
9737,330.893019
9738,330.904050
9739,330.914782
9740,330.925221
9741,330.935373
9742,330.945244
9743,330.954836
9744,330.964150
9745,330.973185
9746,330.981936
9747,330.990396
9748,330.998554
9749,331.006396
9750,331.013908
9751,331.021073
9752,331.027874
9753,331.034297
9754,331.040327
9755,331.045952
9756,331.051162
9757,331.055948
9758,331.060306
9759,331.064230
9760,331.067719
9761,331.070769
9762,331.073379
9763,331.075547
9764,331.077266
9765,331.078531
9766,331.079329
9767,331.079643
9768,331.079450
9769,331.078722
9770,331.077426
9771,331.075524
9772,331.072976
9773,331.069742
9774,331.065786
9775,331.061073
9776,331.055573
9777,331.049266
9778,331.042135
9779,331.034174
9780,331.025383
9781,331.015772
9782,331.005359
9783,330.994168
9784,330.982234
9785,330.969594
9786,330.956291
9787,330.942371
9788,330.927880
9789,330.912863
9790,330.897359
9791,330.881406
9792,330.780985
9793,330.794786
9794,330.808260
9795,330.821395
9796,330.834181
9797,330.846613
9798,330.858686
9799,330.870401
9800,330.881757
9801,330.892760
9802,330.903414
9803,330.913726
9804,330.923705
9805,330.933358
9806,330.942693
9807,330.951718
9808,330.960439
9809,330.968857
9810,330.976976
9811,330.984792
9812,330.992302
9813,330.999498
9814,331.006372
9815,331.012912
9816,331.019108
9817,331.024947
9818,331.030421
9819,331.035517
9820,331.040228
9821,331.044546
9822,331.048465
9823,331.051979
9824,331.055085
9825,331.057777
9826,331.060052
9827,331.061904
9828,331.063326
9829,331.064308
9830,331.064837
9831,331.064895
9832,331.064461
9833,331.063508
9834,331.062007
9835,331.059924
9836,331.057227
9837,331.053880
9838,331.049851
9839,331.045110
9840,331.039634
9841,331.033401
9842,331.026400
9843,331.018624
9844,331.010074
9845,331.000756
9846,330.990688
9847,330.979889
9848,330.968389
9849,330.956219
9850,330.943418
9851,330.930022
9852,330.916073
9853,330.901608
9854,330.886664
9855,330.871274
9856,330.782322
9857,330.796156
9858,330.809620
9859,330.822700
9860,330.835385
9861,330.847668
9862,330.859545
9863,330.871016
9864,330.882080
9865,330.892744
9866,330.903014
9867,330.912898
9868,330.922406
9869,330.931550
9870,330.940342
9871,330.948792
9872,330.956912
9873,330.964710
9874,330.972193
9875,330.979365
9876,330.986228
9877,330.992780
9878,330.999020
9879,331.004940
9880,331.010535
9881,331.015797
9882,331.020718
9883,331.025289
9884,331.029505
9885,331.033357
9886,331.036839
9887,331.039945
9888,331.042670
9889,331.045007
9890,331.046949
9891,331.048491
9892,331.049621
9893,331.050330
9894,331.050602
9895,331.050420
9896,331.049763
9897,331.048607
9898,331.046926
9899,331.044689
9900,331.041867
9901,331.038431
9902,331.034351
9903,331.029603
9904,331.024165
9905,331.018020
9906,331.011156
9907,331.003566
9908,330.995253
9909,330.986222
9910,330.976485
9911,330.966061
9912,330.954975
9913,330.943253
9914,330.930927
9915,330.918030
9916,330.904598
9917,330.890662
9918,330.876257
9919,330.861411
9920,330.783908
9921,330.797786
9922,330.811249
9923,330.824280
9924,330.836868
9925,330.849005
9926,330.860685
9927,330.871908
9928,330.882677
9929,330.892995
9930,330.902872
9931,330.912318
9932,330.921346
9933,330.929972
9934,330.938209
9935,330.946075
9936,330.953586
9937,330.960756
9938,330.967599
9939,330.974124
9940,330.980339
9941,330.986249
9942,330.991857
9943,330.997161
9944,331.002160
9945,331.006849
9946,331.011222
9947,331.015274
9948,331.018999
9949,331.022389
9950,331.025438
9951,331.028140
9952,331.030488
9953,331.032474
9954,331.034090
9955,331.035328
9956,331.036176
9957,331.036621
9958,331.036650
9959,331.036244
9960,331.035384
9961,331.034046
9962,331.032206
9963,331.029838
9964,331.026916
9965,331.023412
9966,331.019303
9967,331.014565
9968,331.009180
9969,331.003132
9970,330.996411
9971,330.989011
9972,330.980932
9973,330.972179
9974,330.962763
9975,330.952699
9976,330.942008
9977,330.930712
9978,330.918839
9979,330.906419
9980,330.893479
9981,330.880051
9982,330.866164
9983,330.851844
9984,330.785755
9985,330.799690
9986,330.813162
9987,330.826151
9988,330.838646
9989,330.850638
9990,330.862121
9991,330.873095
9992,330.883562
9993,330.893528
9994,330.903004
9995,330.912003
9996,330.920540
9997,330.928635
9998,330.936307
9999,330.943578
10000,330.950470
10001,330.957003
10002,330.963198
10003,330.969071
10004,330.974637
10005,330.979904
10006,330.984882
10007,330.989573
10008,330.993979
10009,330.998100
10010,331.001931
10011,331.005469
10012,331.008708
10013,331.011642
10014,331.014265
10015,331.016569
10016,331.018546
10017,331.020188
10018,331.021485
10019,331.022427
10020,331.023003
10021,331.023199
10022,331.022999
10023,331.022385
10024,331.021339
10025,331.019840
10026,331.017863
10027,331.015386
10028,331.012384
10029,331.008834
10030,331.004713
10031,331.000002
10032,330.994683
10033,330.988742
10034,330.982170
10035,330.974960
10036,330.967114
10037,330.958633
10038,330.949528
10039,330.939810
10040,330.929497
10041,330.918609
10042,330.907169
10043,330.895202
10044,330.882734
10045,330.869792
10046,330.856402
10047,330.842590
10048,330.787871
10049,330.801876
10050,330.815365
10051,330.828321
10052,330.840728
10053,330.852577
10054,330.863863
10055,330.874584
10056,330.884745
10057,330.894353
10058,330.903419
10059,330.911960
10060,330.919995
10061,330.927546
10062,330.934639
10063,330.941302
10064,330.947563
10065,330.953449
10066,330.958988
10067,330.964203
10068,330.969113
10069,330.973737
10070,330.978084
10071,330.982165
10072,330.985983
10073,330.989539
10074,330.992835
10075,330.995865
10076,330.998625
10077,331.001111
10078,331.003314
10079,331.005227
10080,331.006842
10081,331.008149
10082,331.009137
10083,331.009795
10084,331.010111
10085,331.010069
10086,331.009655
10087,331.008851
10088,331.007638
10089,331.005995
10090,331.003901
10091,331.001335
10092,330.998274
10093,330.994696
10094,330.990581
10095,330.985911
10096,330.980671
10097,330.974846
10098,330.968428
10099,330.961412
10100,330.953796
10101,330.945582
10102,330.936778
10103,330.927395
10104,330.917445
10105,330.906948
10106,330.895922
10107,330.884389
10108,330.872373
10109,330.859896
10110,330.846984
10111,330.833660
10112,330.790257
10113,330.804343
10114,330.817861
10115,330.830789
10116,330.843113
10117,330.854821
10118,330.865909
10119,330.876376
10120,330.886226
10121,330.895469
10122,330.904117
10123,330.912189
10124,330.919709
10125,330.926703
10126,330.933203
10127,330.939242
10128,330.944857
10129,330.950083
10130,330.954955
10131,330.959503
10132,330.963754
10133,330.967730
10134,330.971448
10135,330.974920
10136,330.978153
10137,330.981153
10138,330.983918
10139,330.986448
10140,330.988738
10141,330.990784
10142,330.992576
10143,330.994109
10144,330.995371
10145,330.996352
10146,330.997042
10147,330.997428
10148,330.997497
10149,330.997233
10150,330.996620
10151,330.995642
10152,330.994279
10153,330.992512
10154,330.990321
10155,330.987685
10156,330.984582
10157,330.980994
10158,330.976902
10159,330.972288
10160,330.967137
10161,330.961437
10162,330.955179
10163,330.948358
10164,330.940971
10165,330.933021
10166,330.924511
10167,330.915451
10168,330.905852
10169,330.895730
10170,330.885101
10171,330.873984
10172,330.862400
10173,330.850370
10174,330.837917
10175,330.825062
10176,330.792902
10177,330.807081
10178,330.820636
10179,330.833544
10180,330.845789
10181,330.857359
10182,330.868249
10183,330.878459
10184,330.887994
10185,330.896864
10186,330.905085
10187,330.912677
10188,330.919669
10189,330.926091
10190,330.931982
10191,330.937382
10192,330.942335
10193,330.946887
10194,330.951079
10195,330.954951
10196,330.958536
10197,330.961862
10198,330.964950
10199,330.967816
10200,330.970470
10201,330.972917
10202,330.975161
10203,330.977200
10204,330.979029
10205,330.980644
10206,330.982037
10207,330.983199
10208,330.984120
10209,330.984789
10210,330.985194
10211,330.985321
10212,330.985156
10213,330.984684
10214,330.983890
10215,330.982754
10216,330.981259
10217,330.979386
10218,330.977116
10219,330.974427
10220,330.971302
10221,330.967721
10222,330.963665
10223,330.959120
10224,330.954070
10225,330.948504
10226,330.942412
10227,330.935789
10228,330.928631
10229,330.920939
10230,330.912717
10231,330.903972
10232,330.894712
10233,330.884951
10234,330.874704
10235,330.863987
10236,330.852818
10237,330.841217
10238,330.829203
10239,330.816799
10240,330.795783
10241,330.810067
10242,330.823668
10243,330.836561
10244,330.848730
10245,330.860163
10246,330.870855
10247,330.880806
10248,330.890021
10249,330.898512
10250,330.906297
10251,330.913400
10252,330.919851
10253,330.925686
10254,330.930951
10255,330.935693
10256,330.939967
10257,330.943828
10258,330.947328
10259,330.950514
10260,330.953428
10261,330.956101
10262,330.958560
10263,330.960823
10264,330.962904
10265,330.964808
10266,330.966539
10267,330.968096
10268,330.969476
10269,330.970673
10270,330.971678
10271,330.972482
10272,330.973075
10273,330.973444
10274,330.973577
10275,330.973460
10276,330.973078
10277,330.972414
10278,330.971453
10279,330.970177
10280,330.968568
10281,330.966607
10282,330.964275
10283,330.961553
10284,330.958421
10285,330.954863
10286,330.950859
10287,330.946396
10288,330.941457
10289,330.936033
10290,330.930113
10291,330.923691
10292,330.916763
10293,330.909328
10294,330.901388
10295,330.892949
10296,330.884019
10297,330.874608
10298,330.864728
10299,330.854395
10300,330.843624
10301,330.832434
10302,330.820843
10303,330.808871
10304,330.798863
10305,330.813259
10306,330.826912
10307,330.839795
10308,330.851891
10309,330.863188
10310,330.873681
10311,330.883370
10312,330.892262
10313,330.900369
10314,330.907711
10315,330.914314
10316,330.920212
10317,330.925446
10318,330.930068
10319,330.934135
10320,330.937712
10321,330.940866
10322,330.943661
10323,330.946152
10324,330.948389
10325,330.950409
10326,330.952242
10327,330.953908
10328,330.955423
10329,330.956793
10330,330.958023
10331,330.959111
10332,330.960054
10333,330.960846
10334,330.961477
10335,330.961938
10336,330.962217
10337,330.962301
10338,330.962178
10339,330.961831
10340,330.961247
10341,330.960408
10342,330.959298
10343,330.957899
10344,330.956193
10345,330.954162
10346,330.951786
10347,330.949047
10348,330.945926
10349,330.942405
10350,330.938468
10351,330.934099
10352,330.929283
10353,330.924009
10354,330.918267
10355,330.912050
10356,330.905352
10357,330.898172
10358,330.890511
10359,330.882373
10360,330.873763
10361,330.864690
10362,330.855165
10363,330.845202
10364,330.834815
10365,330.824019
10366,330.812834
10367,330.801276
10368,330.802079
10369,330.816594
10370,330.830303
10371,330.843178
10372,330.855202
10373,330.866362
10374,330.876655
10375,330.886080
10376,330.894646
10377,330.902365
10378,330.909259
10379,330.915355
10380,330.920690
10381,330.925312
10382,330.929276
10383,330.932650
10384,330.935513
10385,330.937945
10386,330.940023
10387,330.941813
10388,330.943371
10389,330.944740
10390,330.945953
10391,330.947031
10392,330.947990
10393,330.948839
10394,330.949580
10395,330.950214
10396,330.950735
10397,330.951137
10398,330.951410
10399,330.951543
10400,330.951524
10401,330.951340
10402,330.950976
10403,330.950417
10404,330.949647
10405,330.948650
10406,330.947408
10407,330.945903
10408,330.944118
10409,330.942034
10410,330.939631
10411,330.936892
10412,330.933798
10413,330.930331
10414,330.926474
10415,330.922212
10416,330.917530
10417,330.912415
10418,330.906858
10419,330.900849
10420,330.894384
10421,330.887459
10422,330.880074
10423,330.872230
10424,330.863933
10425,330.855189
10426,330.846008
10427,330.836402
10428,330.826383
10429,330.815967
10430,330.805170
10431,330.794009
10432,330.805344
10433,330.819979
10434,330.833743
10435,330.846609
10436,330.858559
10437,330.869582
10438,330.879673
10439,330.888834
10440,330.897072
10441,330.904401
10442,330.910844
10443,330.916430
10444,330.921197
10445,330.925197
10446,330.928493
10447,330.931161
10448,330.933294
10449,330.934992
10450,330.936346
10451,330.937434
10452,330.938317
10453,330.939042
10454,330.939644
10455,330.940146
10456,330.940564
10457,330.940907
10458,330.941177
10459,330.941373
10460,330.941489
10461,330.941519
10462,330.941450
10463,330.941273
10464,330.940974
10465,330.940538
10466,330.939951
10467,330.939197
10468,330.938259
10469,330.937120
10470,330.935764
10471,330.934172
10472,330.932325
10473,330.930205
10474,330.927793
10475,330.925071
10476,330.922020
10477,330.918622
10478,330.914859
10479,330.910717
10480,330.906179
10481,330.901233
10482,330.895867
10483,330.890073
10484,330.883843
10485,330.877172
10486,330.870061
10487,330.862508
10488,330.854517
10489,330.846094
10490,330.837247
10491,330.827986
10492,330.818323
10493,330.808271
10494,330.797846
10495,330.787066
10496,330.808533
10497,330.823283
10498,330.837097
10499,330.849949
10500,330.861822
10501,330.872704
10502,330.882592
10503,330.891486
10504,330.899397
10505,330.906338
10506,330.912332
10507,330.917408
10508,330.921609
10509,330.924987
10510,330.927611
10511,330.929567
10512,330.930961
10513,330.931920
10514,330.932552
10515,330.932943
10516,330.933161
10517,330.933255
10518,330.933262
10519,330.933206
10520,330.933101
10521,330.932957
10522,330.932775
10523,330.932553
10524,330.932285
10525,330.931961
10526,330.931571
10527,330.931102
10528,330.930540
10529,330.929872
10530,330.929080
10531,330.928148
10532,330.927060
10533,330.925799
10534,330.924346
10535,330.922683
10536,330.920792
10537,330.918655
10538,330.916251
10539,330.913562
10540,330.910570
10541,330.907256
10542,330.903603
10543,330.899593
10544,330.895211
10545,330.890443
10546,330.885277
10547,330.879702
10548,330.873710
10549,330.867297
10550,330.860457
10551,330.853192
10552,330.845502
10553,330.837393
10554,330.828870
10555,330.819944
10556,330.810623
10557,330.800922
10558,330.790855
10559,330.780438
10560,330.811478
10561,330.826329
10562,330.840182
10563,330.853011
10564,330.864799
10565,330.875535
10566,330.885217
10567,330.893846
10568,330.901431
10569,330.907989
10570,330.913540
10571,330.918116
10572,330.921759
10573,330.924525
10574,330.926487
10575,330.927736
10576,330.928395
10577,330.928624
10578,330.928547
10579,330.928259
10580,330.927832
10581,330.927317
10582,330.926752
10583,330.926160
10584,330.925557
10585,330.924949
10586,330.924338
10587,330.923720
10588,330.923088
10589,330.922433
10590,330.921742
10591,330.921002
10592,330.920198
10593,330.919316
10594,330.918338
10595,330.917248
10596,330.916029
10597,330.914663
10598,330.913131
10599,330.911417
10600,330.909500
10601,330.907361
10602,330.904983
10603,330.902345
10604,330.899428
10605,330.896214
10606,330.892683
10607,330.888819
10608,330.884605
10609,330.880026
10610,330.875067
10611,330.869718
10612,330.863969
10613,330.857814
10614,330.851247
10615,330.844267
10616,330.836875
10617,330.829072
10618,330.820866
10619,330.812263
10620,330.803274
10621,330.793911
10622,330.784186
10623,330.774117
10624,330.813952
10625,330.828882
10626,330.842756
10627,330.855547
10628,330.867239
10629,330.877823
10630,330.887296
10631,330.895661
10632,330.902926
10633,330.909108
10634,330.914228
10635,330.918320
10636,330.921425
10637,330.923602
10638,330.924926
10639,330.925499
10640,330.925456
10641,330.924987
10642,330.924234
10643,330.923298
10644,330.922257
10645,330.921163
10646,330.920055
10647,330.918957
10648,330.917883
10649,330.916839
10650,330.915826
10651,330.914838
10652,330.913867
10653,330.912904
10654,330.911935
10655,330.910946
10656,330.909921
10657,330.908846
10658,330.907702
10659,330.906473
10660,330.905141
10661,330.903689
10662,330.902097
10663,330.900348
10664,330.898423
10665,330.896302
10666,330.893966
10667,330.891395
10668,330.888570
10669,330.885471
10670,330.882078
10671,330.878374
10672,330.874340
10673,330.869959
10674,330.865218
10675,330.860102
10676,330.854601
10677,330.848706
10678,330.842413
10679,330.835717
10680,330.828618
10681,330.821118
10682,330.813220
10683,330.804933
10684,330.796264
10685,330.787226
10686,330.777830
10687,330.768093
10688,330.815757
10689,330.830736
10690,330.844605
10691,330.857339
10692,330.868921
10693,330.879344
10694,330.888604
10695,330.896706
10696,330.903658
10697,330.909477
10698,330.914185
10699,330.917814
10700,330.920409
10701,330.922031
10702,330.922759
10703,330.922703
10704,330.922012
10705,330.920898
10706,330.919515
10707,330.917977
10708,330.916362
10709,330.914730
10710,330.913116
10711,330.911547
10712,330.910036
10713,330.908587
10714,330.907201
10715,330.905871
10716,330.904590
10717,330.903344
10718,330.902121
10719,330.900906
10720,330.899683
10721,330.898435
10722,330.897146
10723,330.895797
10724,330.894372
10725,330.892852
10726,330.891219
10727,330.889454
10728,330.887538
10729,330.885452
10730,330.883175
10731,330.880689
10732,330.877972
10733,330.875003
10734,330.871764
10735,330.868233
10736,330.864392
10737,330.860222
10738,330.855707
10739,330.850832
10740,330.845584
10741,330.839955
10742,330.833936
10743,330.827524
10744,330.820715
10745,330.813512
10746,330.805918
10747,330.797937
10748,330.789579
10749,330.780854
10750,330.771775
10751,330.762355
10752,330.816745
10753,330.831734
10754,330.845568
10755,330.858221
10756,330.869677
10757,330.879928
10758,330.888973
10759,330.896814
10760,330.903462
10761,330.908933
10762,330.913250
10763,330.916446
10764,330.918567
10765,330.919677
10766,330.919860
10767,330.919233
10768,330.917958
10769,330.916260
10770,330.914306
10771,330.912219
10772,330.910082
10773,330.907957
10774,330.905882
10775,330.903882
10776,330.901971
10777,330.900153
10778,330.898428
10779,330.896788
10780,330.895224
10781,330.893723
10782,330.892272
10783,330.890855
10784,330.889456
10785,330.888059
10786,330.886645
10787,330.885197
10788,330.883698
10789,330.882129
10790,330.880472
10791,330.878709
10792,330.876820
10793,330.874786
10794,330.872586
10795,330.870200
10796,330.867607
10797,330.864786
10798,330.861715
10799,330.858373
10800,330.854737
10801,330.850790
10802,330.846511
10803,330.841885
10804,330.836898
10805,330.831538
10806,330.825796
10807,330.819667
10808,330.813148
10809,330.806238
10810,330.798941
10811,330.791260
10812,330.783203
10813,330.774781
10814,330.766005
10815,330.756890
10816,330.816809
10817,330.831765
10818,330.845529
10819,330.858074
10820,330.869384
10821,330.879452
10822,330.888276
10823,330.895860
10824,330.902215
10825,330.907356
10826,330.911307
10827,330.914104
10828,330.915792
10829,330.916439
10830,330.916134
10831,330.915000
10832,330.913207
10833,330.910993
10834,330.908534
10835,330.905958
10836,330.903356
10837,330.900791
10838,330.898303
10839,330.895918
10840,330.893649
10841,330.891501
10842,330.889472
10843,330.887555
10844,330.885739
10845,330.884013
10846,330.882361
10847,330.880767
10848,330.879217
10849,330.877691
10850,330.876174
10851,330.874647
10852,330.873093
10853,330.871494
10854,330.869832
10855,330.868088
10856,330.866243
10857,330.864277
10858,330.862171
10859,330.859902
10860,330.857450
10861,330.854792
10862,330.851905
10863,330.848765
10864,330.845350
10865,330.841637
10866,330.837606
10867,330.833238
10868,330.828518
10869,330.823431
10870,330.817969
10871,330.812125
10872,330.805894
10873,330.799274
10874,330.792269
10875,330.784881
10876,330.777118
10877,330.768989
10878,330.760505
10879,330.751681
10880,330.815870
10881,330.830747
10882,330.844401
10883,330.856808
10884,330.867951
10885,330.877822
10886,330.886421
10887,330.893752
10888,330.899825
10889,330.904656
10890,330.908271
10891,330.910705
10892,330.912006
10893,330.912243
10894,330.911510
10895,330.909934
10896,330.907695
10897,330.905035
10898,330.902139
10899,330.899140
10900,330.896134
10901,330.893186
10902,330.890338
10903,330.887616
10904,330.885035
10905,330.882598
10906,330.880304
10907,330.878144
10908,330.876110
10909,330.874187
10910,330.872362
10911,330.870618
10912,330.868939
10913,330.867308
10914,330.865709
10915,330.864123
10916,330.862533
10917,330.860922
10918,330.859272
10919,330.857564
10920,330.855780
10921,330.853899
10922,330.851902
10923,330.849767
10924,330.847472
10925,330.844993
10926,330.842305
10927,330.839383
10928,330.836202
10929,330.832737
10930,330.828964
10931,330.824864
10932,330.820417
10933,330.815610
10934,330.810431
10935,330.804872
10936,330.798927
10937,330.792596
10938,330.785878
10939,330.778778
10940,330.771301
10941,330.763455
10942,330.755254
10943,330.746709
10944,330.813874
10945,330.828620
10946,330.842124
10947,330.854361
10948,330.865313
10949,330.874975
10950,330.883344
10951,330.890425
10952,330.896229
10953,330.900773
10954,330.904081
10955,330.906191
10956,330.907152
10957,330.907034
10958,330.905935
10959,330.903986
10960,330.901370
10961,330.898337
10962,330.895074
10963,330.891721
10964,330.888376
10965,330.885104
10966,330.881952
10967,330.878945
10968,330.876098
10969,330.873415
10970,330.870895
10971,330.868531
10972,330.866311
10973,330.864223
10974,330.862252
10975,330.860384
10976,330.858601
10977,330.856888
10978,330.855227
10979,330.853601
10980,330.851994
10981,330.850389
10982,330.848767
10983,330.847111
10984,330.845403
10985,330.843623
10986,330.841751
10987,330.839765
10988,330.837642
10989,330.835357
10990,330.832884
10991,330.830195
10992,330.827262
10993,330.824058
10994,330.820555
10995,330.816730
10996,330.812565
10997,330.808042
10998,330.803149
10999,330.797876
11000,330.792219
11001,330.786173
11002,330.779740
11003,330.772921
11004,330.765724
11005,330.758155
11006,330.750226
11007,330.741951
11008,330.810782
11009,330.825346
11010,330.838658
11011,330.850691
11012,330.861429
11013,330.870866
11014,330.879000
11015,330.885836
11016,330.891384
11017,330.895663
11018,330.898697
11019,330.900523
11020,330.901192
11021,330.900776
11022,330.899374
11023,330.897120
11024,330.894199
11025,330.890865
11026,330.887308
11027,330.883669
11028,330.880049
11029,330.876517
11030,330.873117
11031,330.869878
11032,330.866814
11033,330.863930
11034,330.861225
11035,330.858692
11036,330.856320
11037,330.854098
11038,330.852011
11039,330.850044
11040,330.848181
11041,330.846407
11042,330.844705
11043,330.843059
11044,330.841452
11045,330.839868
11046,330.838291
11047,330.836703
11048,330.835085
11049,330.833420
11050,330.831687
11051,330.829863
11052,330.827927
11053,330.825851
11054,330.823608
11055,330.821167
11056,330.818496
11057,330.815564
11058,330.812342
11059,330.808803
11060,330.804926
11061,330.800692
11062,330.796087
11063,330.791103
11064,330.785732
11065,330.779970
11066,330.773818
11067,330.767278
11068,330.760354
11069,330.753055
11070,330.745391
11071,330.737375
11072,330.806575
11073,330.820903
11074,330.833979
11075,330.845774
11076,330.856274
11077,330.865471
11078,330.873365
11079,330.879960
11080,330.885266
11081,330.889302
11082,330.892094
11083,330.893677
11084,330.894104
11085,330.893447
11086,330.891805
11087,330.889314
11088,330.886160
11089,330.882596
11090,330.878816
11091,330.874962
11092,330.871134
11093,330.867403
11094,330.863814
11095,330.860396
11096,330.857163
11097,330.854123
11098,330.851274
11099,330.848610
11100,330.846121
11101,330.843795
11102,330.841619
11103,330.839579
11104,330.837660
11105,330.835846
11106,330.834122
11107,330.832473
11108,330.830884
11109,330.829338
11110,330.827819
11111,330.826312
11112,330.824798
11113,330.823260
11114,330.821678
11115,330.820030
11116,330.818292
11117,330.816439
11118,330.814438
11119,330.812259
11120,330.809864
11121,330.807218
11122,330.804286
11123,330.801040
11124,330.797456
11125,330.793515
11126,330.789202
11127,330.784506
11128,330.779421
11129,330.773942
11130,330.768068
11131,330.761803
11132,330.755149
11133,330.748114
11134,330.740709
11135,330.732946
11136,330.801245
11137,330.815284
11138,330.828079
11139,330.839603
11140,330.849840
11141,330.858782
11142,330.866430
11143,330.872788
11144,330.877866
11145,330.881683
11146,330.884263
11147,330.885645
11148,330.885879
11149,330.885037
11150,330.883219
11151,330.880559
11152,330.877242
11153,330.873522
11154,330.869591
11155,330.865590
11156,330.861621
11157,330.857752
11158,330.854031
11159,330.850487
11160,330.847136
11161,330.843983
11162,330.841030
11163,330.838271
11164,330.835697
11165,330.833298
11166,330.831061
11167,330.828973
11168,330.827019
11169,330.825186
11170,330.823460
11171,330.821825
11172,330.820267
11173,330.818773
11174,330.817326
11175,330.815911
11176,330.814512
11177,330.813112
11178,330.811692
11179,330.810229
11180,330.808701
11181,330.807080
11182,330.805334
11183,330.803428
11184,330.801321
11185,330.798970
11186,330.796337
11187,330.793391
11188,330.790104
11189,330.786459
11190,330.782438
11191,330.778031
11192,330.773230
11193,330.768032
11194,330.762436
11195,330.756442
11196,330.750055
11197,330.743282
11198,330.736132
11199,330.728617
11200,330.794798
11201,330.808496
11202,330.820967
11203,330.832184
11204,330.842133
11205,330.850807
11206,330.858203
11207,330.864328
11208,330.869191
11209,330.872811
11210,330.875212
11211,330.876432
11212,330.876522
11213,330.875552
11214,330.873619
11215,330.870857
11216,330.867449
11217,330.863643
11218,330.859632
11219,330.855553
11220,330.851507
11221,330.847562
11222,330.843766
11223,330.840148
11224,330.836724
11225,330.833503
11226,330.830485
11227,330.827667
11228,330.825041
11229,330.822597
11230,330.820324
11231,330.818211
11232,330.816245
11233,330.814412
11234,330.812699
11235,330.811094
11236,330.809582
11237,330.808151
11238,330.806787
11239,330.805475
11240,330.804200
11241,330.802946
11242,330.801694
11243,330.800424
11244,330.799113
11245,330.797732
11246,330.796248
11247,330.794625
11248,330.792814
11249,330.790766
11250,330.788437
11251,330.785793
11252,330.782806
11253,330.779456
11254,330.775726
11255,330.771607
11256,330.767091
11257,330.762173
11258,330.756851
11259,330.751128
11260,330.745006
11261,330.738492
11262,330.731595
11263,330.724326
11264,330.787256
11265,330.800560
11266,330.812664
11267,330.823542
11268,330.833180
11269,330.841569
11270,330.848709
11271,330.854604
11272,330.859265
11273,330.862710
11274,330.864963
11275,330.866060
11276,330.866053
11277,330.865009
11278,330.863024
11279,330.860227
11280,330.856795
11281,330.852976
11282,330.848953
11283,330.844863
11284,330.840802
11285,330.836840
11286,330.833023
11287,330.829380
11288,330.825930
11289,330.822681
11290,330.819636
11291,330.816792
11292,330.814143
11293,330.811682
11294,330.809399
11295,330.807283
11296,330.805323
11297,330.803508
11298,330.801825
11299,330.800262
11300,330.798809
11301,330.797452
11302,330.796180
11303,330.794978
11304,330.793834
11305,330.792731
11306,330.791653
11307,330.790579
11308,330.789487
11309,330.788348
11310,330.787130
11311,330.785791
11312,330.784282
11313,330.782538
11314,330.780513
11315,330.778169
11316,330.775480
11317,330.772423
11318,330.768984
11319,330.765150
11320,330.760915
11321,330.756275
11322,330.751227
11323,330.745773
11324,330.739916
11325,330.733663
11326,330.727020
11327,330.719999
11328,330.778656
11329,330.791516
11330,330.803212
11331,330.813719
11332,330.823022
11333,330.831113
11334,330.837991
11335,330.843660
11336,330.848131
11337,330.851421
11338,330.853554
11339,330.854566
11340,330.854507
11341,330.853442
11342,330.851464
11343,330.848696
11344,330.845311
11345,330.841545
11346,330.837578
11347,330.833541
11348,330.829527
11349,330.825603
11350,330.821815
11351,330.818194
11352,330.814760
11353,330.811521
11354,330.808483
11355,330.805645
11356,330.803002
11357,330.800549
11358,330.798278
11359,330.796179
11360,330.794244
11361,330.792461
11362,330.790822
11363,330.789315
11364,330.787929
11365,330.786655
11366,330.785482
11367,330.784396
11368,330.783386
11369,330.782437
11370,330.781533
11371,330.780656
11372,330.779781
11373,330.778882
11374,330.777924
11375,330.776864
11376,330.775647
11377,330.774200
11378,330.772472
11379,330.770424
11380,330.768026
11381,330.765258
11382,330.762104
11383,330.758552
11384,330.754596
11385,330.750231
11386,330.745456
11387,330.740271
11388,330.734681
11389,330.728689
11390,330.722305
11391,330.715538
11392,330.769054
11393,330.781423
11394,330.792673
11395,330.802779
11396,330.811726
11397,330.819506
11398,330.826117
11399,330.831563
11400,330.835854
11401,330.839007
11402,330.841047
11403,330.842009
11404,330.841940
11405,330.840904
11406,330.838989
11407,330.836314
11408,330.833040
11409,330.829394
11410,330.825547
11411,330.821622
11412,330.817710
11413,330.813875
11414,330.810164
11415,330.806607
11416,330.803226
11417,330.800033
11418,330.797034
11419,330.794229
11420,330.791618
11421,330.789196
11422,330.786957
11423,330.784894
11424,330.782999
11425,330.781263
11426,330.779679
11427,330.778236
11428,330.776928
11429,330.775743
11430,330.774672
11431,330.773706
11432,330.772831
11433,330.772036
11434,330.771305
11435,330.770620
11436,330.769958
11437,330.769290
11438,330.768583
11439,330.767789
11440,330.766850
11441,330.765687
11442,330.764245
11443,330.762481
11444,330.760367
11445,330.757881
11446,330.755005
11447,330.751730
11448,330.748048
11449,330.743956
11450,330.739452
11451,330.734538
11452,330.729216
11453,330.723491
11454,330.717372
11455,330.710868
11456,330.758531
11457,330.770366
11458,330.781135
11459,330.790814
11460,330.799386
11461,330.806842
11462,330.813181
11463,330.818407
11464,330.822528
11465,330.825561
11466,330.827531
11467,330.828472
11468,330.828430
11469,330.827468
11470,330.825669
11471,330.823144
11472,330.820044
11473,330.816580
11474,330.812911
11475,330.809152
11476,330.805391
11477,330.801690
11478,330.798096
11479,330.794641
11480,330.791348
11481,330.788231
11482,330.785298
11483,330.782553
11484,330.779995
11485,330.777624
11486,330.775435
11487,330.773423
11488,330.771581
11489,330.769904
11490,330.768385
11491,330.767015
11492,330.765789
11493,330.764698
11494,330.763733
11495,330.762886
11496,330.762146
11497,330.761502
11498,330.760939
11499,330.760439
11500,330.759980
11501,330.759533
11502,330.759063
11503,330.758520
11504,330.757842
11505,330.756947
11506,330.755775
11507,330.754284
11508,330.752442
11509,330.750226
11510,330.747621
11511,330.744615
11512,330.741203
11513,330.737381
11514,330.733147
11515,330.728504
11516,330.723454
11517,330.718002
11518,330.712157
11519,330.705927
11520,330.747201
11521,330.758464
11522,330.768722
11523,330.777950
11524,330.786130
11525,330.793254
11526,330.799318
11527,330.804324
11528,330.808282
11529,330.811209
11530,330.813128
11531,330.814072
11532,330.814089
11533,330.813238
11534,330.811599
11535,330.809276
11536,330.806405
11537,330.803178
11538,330.799736
11539,330.796188
11540,330.792619
11541,330.789089
11542,330.785647
11543,330.782325
11544,330.779148
11545,330.776132
11546,330.773289
11547,330.770624
11548,330.768140
11549,330.765837
11550,330.763712
11551,330.761764
11552,330.759988
11553,330.758379
11554,330.756932
11555,330.755641
11556,330.754501
11557,330.753506
11558,330.752647
11559,330.751919
11560,330.751310
11561,330.750811
11562,330.750409
11563,330.750084
11564,330.749817
11565,330.749577
11566,330.749327
11567,330.749017
11568,330.748582
11569,330.747936
11570,330.747018
11571,330.745783
11572,330.744199
11573,330.742243
11574,330.739898
11575,330.737154
11576,330.734005
11577,330.730449
11578,330.726484
11579,330.722113
11580,330.717339
11581,330.712168
11582,330.706607
11583,330.700666
11584,330.735218
11585,330.745879
11586,330.755603
11587,330.764361
11588,330.772137
11589,330.778919
11590,330.784704
11591,330.789492
11592,330.793294
11593,330.796123
11594,330.798005
11595,330.798972
11596,330.799070
11597,330.798357
11598,330.796909
11599,330.794826
11600,330.792230
11601,330.789279
11602,330.786101
11603,330.782798
11604,330.779450
11605,330.776120
11606,330.772855
11607,330.769690
11608,330.766652
11609,330.763759
11610,330.761024
11611,330.758457
11612,330.756061
11613,330.753840
11614,330.751793
11615,330.749919
11616,330.748217
11617,330.746683
11618,330.745314
11619,330.744106
11620,330.743054
11621,330.742155
11622,330.741401
11623,330.740787
11624,330.740304
11625,330.739943
11626,330.739691
11627,330.739531
11628,330.739441
11629,330.739392
11630,330.739345
11631,330.739249
11632,330.739036
11633,330.738620
11634,330.737938
11635,330.736942
11636,330.735601
11637,330.733890
11638,330.731794
11639,330.729302
11640,330.726409
11641,330.723114
11642,330.719416
11643,330.715318
11644,330.710825
11645,330.705942
11646,330.700678
11647,330.695042
11648,330.722795
11649,330.732835
11650,330.742006
11651,330.750282
11652,330.757644
11653,330.764080
11654,330.769583
11655,330.774155
11656,330.777803
11657,330.780542
11658,330.782395
11659,330.783395
11660,330.783586
11661,330.783025
11662,330.781785
11663,330.779956
11664,330.777650
11665,330.774991
11666,330.772094
11667,330.769054
11668,330.765947
11669,330.762834
11670,330.759764
11671,330.756773
11672,330.753889
11673,330.751134
11674,330.748522
11675,330.746065
11676,330.743770
11677,330.741641
11678,330.739680
11679,330.737889
11680,330.736268
11681,330.734814
11682,330.733526
11683,330.732403
11684,330.731440
11685,330.730634
11686,330.729982
11687,330.729477
11688,330.729113
11689,330.728880
11690,330.728767
11691,330.728757
11692,330.728829
11693,330.728953
11694,330.729090
11695,330.729188
11696,330.729178
11697,330.728971
11698,330.728504
11699,330.727729
11700,330.726613
11701,330.725133
11702,330.723272
11703,330.721022
11704,330.718377
11705,330.715336
11706,330.711902
11707,330.708078
11708,330.703870
11709,330.699284
11710,330.694329
11711,330.689016
11712,330.710131
11713,330.719536
11714,330.728145
11715,330.735932
11716,330.742874
11717,330.748960
11718,330.754181
11719,330.758537
11720,330.762034
11721,330.764685
11722,330.766513
11723,330.767549
11724,330.767836
11725,330.767429
11726,330.766395
11727,330.764816
11728,330.762790
11729,330.760419
11730,330.757804
11731,330.755030
11732,330.752170
11733,330.749283
11734,330.746416
11735,330.743609
11736,330.740890
11737,330.738282
11738,330.735803
11739,330.733466
11740,330.731279
11741,330.729250
11742,330.727382
11743,330.725679
11744,330.724142
11745,330.722771
11746,330.721567
11747,330.720527
11748,330.719651
11749,330.718936
11750,330.718379
11751,330.717977
11752,330.717722
11753,330.717607
11754,330.717620
11755,330.717746
11756,330.717963
11757,330.718241
11758,330.718542
11759,330.718812
11760,330.718982
11761,330.718964
11762,330.718692
11763,330.718118
11764,330.717209
11765,330.715943
11766,330.714303
11767,330.712281
11768,330.709874
11769,330.707082
11770,330.703908
11771,330.700358
11772,330.696438
11773,330.692158
11774,330.687526
11775,330.682555
11776,330.697367
11777,330.706133
11778,330.714177
11779,330.721472
11780,330.727995
11781,330.733731
11782,330.738670
11783,330.742811
11784,330.746156
11785,330.748720
11786,330.750522
11787,330.751592
11788,330.751970
11789,330.751708
11790,330.750867
11791,330.749522
11792,330.747755
11793,330.745657
11794,330.743311
11795,330.740796
11796,330.738178
11797,330.735516
11798,330.732855
11799,330.730234
11800,330.727684
11801,330.725229
11802,330.722888
11803,330.720675
11804,330.718602
11805,330.716677
11806,330.714906
11807,330.713294
11808,330.711843
11809,330.710556
11810,330.709434
11811,330.708476
11812,330.707684
11813,330.707055
11814,330.706587
11815,330.706278
11816,330.706122
11817,330.706112
11818,330.706237
11819,330.706482
11820,330.706826
11821,330.707240
11822,330.707683
11823,330.708104
11824,330.708433
11825,330.708580
11826,330.708480
11827,330.708087
11828,330.707367
11829,330.706296
11830,330.704861
11831,330.703055
11832,330.700874
11833,330.698322
11834,330.695402
11835,330.692124
11836,330.688495
11837,330.684528
11838,330.680233
11839,330.675623
11840,330.684603
11841,330.692732
11842,330.700213
11843,330.707019
11844,330.713125
11845,330.718515
11846,330.723175
11847,330.727101
11848,330.730296
11849,330.732770
11850,330.734541
11851,330.735638
11852,330.736097
11853,330.735964
11854,330.735297
11855,330.734162
11856,330.732631
11857,330.730780
11858,330.728683
11859,330.726411
11860,330.724026
11861,330.721580
11862,330.719120
11863,330.716683
11864,330.714301
11865,330.711998
11866,330.709796
11867,330.707709
11868,330.705752
11869,330.703933
11870,330.702260
11871,330.700739
11872,330.699375
11873,330.698171
11874,330.697128
11875,330.696250
11876,330.695536
11877,330.694986
11878,330.694600
11879,330.694375
11880,330.694306
11881,330.694388
11882,330.694609
11883,330.694956
11884,330.695408
11885,330.695935
11886,330.696500
11887,330.697049
11888,330.697513
11889,330.697803
11890,330.697854
11891,330.697620
11892,330.697066
11893,330.696173
11894,330.694926
11895,330.693319
11896,330.691352
11897,330.689028
11898,330.686355
11899,330.683344
11900,330.680008
11901,330.676359
11902,330.672413
11903,330.668185
11904,330.671902
11905,330.679399
11906,330.686325
11907,330.692650
11908,330.698348
11909,330.703397
11910,330.707783
11911,330.711498
11912,330.714542
11913,330.716923
11914,330.718657
11915,330.719770
11916,330.720294
11917,330.720273
11918,330.719757
11919,330.718805
11920,330.717481
11921,330.715850
11922,330.713979
11923,330.711929
11924,330.709759
11925,330.707517
11926,330.705247
11927,330.702987
11928,330.700767
11929,330.698614
11930,330.696548
11931,330.694586
11932,330.692742
11933,330.691029
11934,330.689453
11935,330.688022
11936,330.686743
11937,330.685618
11938,330.684653
11939,330.683848
11940,330.683207
11941,330.682729
11942,330.682414
11943,330.682262
11944,330.682268
11945,330.682426
11946,330.682728
11947,330.683159
11948,330.683699
11949,330.684319
11950,330.684983
11951,330.685637
11952,330.686212
11953,330.686621
11954,330.686800
11955,330.686701
11956,330.686294
11957,330.685557
11958,330.684479
11959,330.683055
11960,330.681285
11961,330.679177
11962,330.676741
11963,330.673990
11964,330.670942
11965,330.667616
11966,330.664031
11967,330.660204
11968,330.659295
11969,330.666169
11970,330.672553
11971,330.678411
11972,330.683713
11973,330.688433
11974,330.692553
11975,330.696061
11976,330.698955
11977,330.701239
11978,330.702928
11979,330.704044
11980,330.704618
11981,330.704687
11982,330.704297
11983,330.703501
11984,330.702354
11985,330.700915
11986,330.699242
11987,330.697392
11988,330.695415
11989,330.693360
11990,330.691267
11991,330.689173
11992,330.687107
11993,330.685096
11994,330.683161
11995,330.681320
11996,330.679587
11997,330.677976
11998,330.676494
11999,330.675151
12000,330.673952
12001,330.672904
12002,330.672010
12003,330.671273
12004,330.670697
12005,330.670282
12006,330.670030
12007,330.669939
12008,330.670006
12009,330.670226
12010,330.670591
12011,330.671086
12012,330.671694
12013,330.672386
12014,330.673125
12015,330.673860
12016,330.674523
12017,330.675027
12018,330.675308
12019,330.675323
12020,330.675039
12021,330.674437
12022,330.673507
12023,330.672246
12024,330.670656
12025,330.668747
12026,330.666533
12027,330.664032
12028,330.661266
12029,330.658261
12030,330.655043
12031,330.651637
12032,330.646785
12033,330.653052
12034,330.658912
12035,330.664324
12036,330.669249
12037,330.673656
12038,330.677520
12039,330.680827
12040,330.683572
12041,330.685757
12042,330.687393
12043,330.688500
12044,330.689105
12045,330.689243
12046,330.688955
12047,330.688286
12048,330.687287
12049,330.686010
12050,330.684508
12051,330.682831
12052,330.681027
12053,330.679139
12054,330.677207
12055,330.675265
12056,330.673342
12057,330.671464
12058,330.669652
12059,330.667926
12060,330.666299
12061,330.664784
12062,330.663393
12063,330.662132
12064,330.661010
12065,330.660032
12066,330.659204
12067,330.658529
12068,330.658010
12069,330.657649
12070,330.657447
12071,330.657405
12072,330.657519
12073,330.657786
12074,330.658196
12075,330.658737
12076,330.659392
12077,330.660133
12078,330.660924
12079,330.661715
12080,330.662441
12081,330.663014
12082,330.663374
12083,330.663476
12084,330.663292
12085,330.662803
12086,330.661999
12087,330.660880
12088,330.659450
12089,330.657722
12090,330.655711
12091,330.653442
12092,330.650944
12093,330.648251
12094,330.645402
12095,330.642432
12096,330.634349
12097,330.640029
12098,330.645395
12099,330.650391
12100,330.654965
12101,330.659078
12102,330.662702
12103,330.665817
12104,330.668416
12105,330.670499
12106,330.672075
12107,330.673160
12108,330.673780
12109,330.673965
12110,330.673753
12111,330.673184
12112,330.672305
12113,330.671162
12114,330.669803
12115,330.668273
12116,330.666618
12117,330.664877
12118,330.663087
12119,330.661281
12120,330.659488
12121,330.657732
12122,330.656036
12123,330.654416
12124,330.652888
12125,330.651465
12126,330.650157
12127,330.648974
12128,330.647923
12129,330.647010
12130,330.646241
12131,330.645619
12132,330.645149
12133,330.644832
12134,330.644671
12135,330.644664
12136,330.644811
12137,330.645108
12138,330.645546
12139,330.646114
12140,330.646794
12141,330.647561
12142,330.648380
12143,330.649203
12144,330.649965
12145,330.650582
12146,330.650995
12147,330.651161
12148,330.651052
12149,330.650651
12150,330.649951
12151,330.648951
12152,330.647659
12153,330.646087
12154,330.644257
12155,330.642197
12156,330.639943
12157,330.637542
12158,330.635049
12159,330.632523
12160,330.621927
12161,330.627059
12162,330.631977
12163,330.636599
12164,330.640857
12165,330.644704
12166,330.648105
12167,330.651040
12168,330.653498
12169,330.655477
12170,330.656985
12171,330.658036
12172,330.658654
12173,330.658866
12174,330.658705
12175,330.658211
12176,330.657423
12177,330.656386
12178,330.655142
12179,330.653735
12180,330.652205
12181,330.650589
12182,330.648923
12183,330.647238
12184,330.645561
12185,330.643916
12186,330.642323
12187,330.640802
12188,330.639365
12189,330.638027
12190,330.636797
12191,330.635685
12192,330.634699
12193,330.633844
12194,330.633126
12195,330.632551
12196,330.632120
12197,330.631837
12198,330.631705
12199,330.631722
12200,330.631887
12201,330.632197
12202,330.632645
12203,330.633220
12204,330.633904
12205,330.634675
12206,330.635497
12207,330.636326
12208,330.637099
12209,330.637734
12210,330.638173
12211,330.638377
12212,330.638319
12213,330.637983
12214,330.637362
12215,330.636458
12216,330.635278
12217,330.633837
12218,330.632160
12219,330.630277
12220,330.628233
12221,330.626085
12222,330.623913
12223,330.621817
12224,330.609413
12225,330.614075
12226,330.618622
12227,330.622929
12228,330.626915
12229,330.630526
12230,330.633727
12231,330.636494
12232,330.638816
12233,330.640691
12234,330.642125
12235,330.643132
12236,330.643731
12237,330.643949
12238,330.643818
12239,330.643372
12240,330.642650
12241,330.641692
12242,330.640537
12243,330.639227
12244,330.637799
12245,330.636288
12246,330.634727
12247,330.633146
12248,330.631570
12249,330.630023
12250,330.628525
12251,330.627092
12252,330.625739
12253,330.624478
12254,330.623320
12255,330.622273
12256,330.621344
12257,330.620541
12258,330.619868
12259,330.619330
12260,330.618930
12261,330.618672
12262,330.618556
12263,330.618584
12264,330.618754
12265,330.619062
12266,330.619502
12267,330.620064
12268,330.620732
12269,330.621483
12270,330.622285
12271,330.623094
12272,330.623851
12273,330.624477
12274,330.624917
12275,330.625134
12276,330.625102
12277,330.624806
12278,330.624240
12279,330.623406
12280,330.622313
12281,330.620976
12282,330.619419
12283,330.617675
12284,330.615793
12285,330.613838
12286,330.611909
12287,330.610168
12288,330.534719
12289,330.594224
12290,330.854499
12291,330.385088
12292,330.527596
12293,330.587436
12294,330.843519
12295,330.379368
12296,330.220364
12297,330.278718
12298,330.528444
12299,330.075815
