0,343.764766
1,343.782650
2,343.803882
3,343.823834
4,343.841031
5,343.855003
6,343.865595
7,343.872749
8,343.876432
9,343.876622
10,343.873312
11,343.866526
12,343.856340
13,343.842893
14,343.826389
15,343.807153
16,343.785991
17,343.764906
18,343.745281
19,343.727724
20,343.712447
21,343.699498
22,343.688851
23,343.680432
24,343.674139
25,343.669846
26,343.667415
27,343.666704
28,343.667566
29,343.669850
30,343.673397
31,343.678037
32,343.683579
33,343.689812
34,343.696495
35,343.703363
36,343.710121
37,343.716463
38,343.722072
39,343.726646
40,343.729901
41,343.731591
42,343.731508
43,343.729491
44,343.725422
45,343.719230
46,343.710889
47,343.700419
48,343.687882
49,343.673385
50,343.657081
51,343.639162
52,343.619859
53,343.599427
54,343.578138
55,343.556262
56,343.534055
57,343.511747
58,343.489537
59,343.467605
60,343.446152
61,343.425535
62,343.406702
63,343.392585
64,343.817994
65,343.837016
66,343.859485
67,343.880512
68,343.898569
69,343.913182
70,343.924204
71,343.931575
72,343.935255
73,343.935204
74,343.931384
75,343.923775
76,343.912377
77,343.897175
78,343.877992
79,343.854322
80,343.826211
81,343.799136
82,343.775437
83,343.755286
84,343.738326
85,343.724237
86,343.712797
87,343.703832
88,343.697180
89,343.692684
90,343.690184
91,343.689522
92,343.690544
93,343.693091
94,343.696999
95,343.702093
96,343.708178
97,343.715033
98,343.722406
99,343.730011
100,343.737532
101,343.744626
102,343.750946
103,343.756155
104,343.759943
105,343.762041
106,343.762227
107,343.760328
108,343.756221
109,343.749832
110,343.741134
111,343.730146
112,343.716935
113,343.701616
114,343.684352
115,343.665352
116,343.644869
117,343.623187
118,343.600610
119,343.577441
120,343.553964
121,343.530430
122,343.507053
123,343.484023
124,343.461546
125,343.439990
126,343.420329
127,343.405601
128,343.932211
129,343.952998
130,343.977407
131,344.000109
132,344.019481
133,344.035047
134,344.046672
135,344.054298
136,344.057868
137,344.057302
138,344.052500
139,344.043346
140,344.029682
141,344.011139
142,343.986434
143,343.951474
144,343.899180
145,343.853706
146,343.819402
147,343.793490
148,343.773251
149,343.757141
150,343.744382
151,343.734547
152,343.727350
153,343.722568
154,343.720000
155,343.719465
156,343.720793
157,343.723817
158,343.728370
159,343.734273
160,343.741327
161,343.749303
162,343.757931
163,343.766897
164,343.775837
165,343.784350
166,343.792018
167,343.798440
168,343.803258
169,343.806167
170,343.806920
171,343.805329
172,343.801264
173,343.794644
174,343.785442
175,343.773680
176,343.759428
177,343.742812
178,343.724012
179,343.703263
180,343.680859
181,343.657136
182,343.632463
183,343.607208
184,343.581712
185,343.556263
186,343.531099
187,343.506420
188,343.482441
189,343.459539
190,343.438728
191,343.423183
192,344.190357
193,344.213654
194,344.240823
195,344.265877
196,344.287063
197,344.303912
198,344.316308
199,344.324197
200,344.327491
201,344.326047
202,344.319656
203,344.308050
204,344.290869
205,344.267357
206,344.234512
207,344.177313
208,344.034204
209,343.933825
210,343.874422
211,343.837464
212,343.811940
213,343.792946
214,343.778441
215,343.767509
216,343.759658
217,343.754561
218,343.751963
219,343.751652
220,343.753439
221,343.757154
222,343.762628
223,343.769688
224,343.778137
225,343.787746
226,343.798232
227,343.809249
228,343.820369
229,343.831084
230,343.840843
231,343.849141
232,343.855551
233,343.859723
234,343.861386
235,343.860338
236,343.856439
237,343.849609
238,343.839818
239,343.827090
240,343.811499
241,343.793178
242,343.772324
243,343.749206
244,343.724164
245,343.697614
246,343.670042
247,343.641939
248,343.613740
249,343.585784
250,343.558334
251,343.531596
252,343.505783
253,343.481278
254,343.459130
255,343.442662
256,344.877207
257,344.904848
258,344.936632
259,344.965531
260,344.989631
261,345.008504
262,345.022080
263,345.030310
264,345.033053
265,345.030046
266,345.020892
267,345.005072
268,344.982038
269,344.951514
270,344.913709
271,344.852809
272,344.317213
273,344.055911
274,343.941595
275,343.885525
276,343.852390
277,343.829729
278,343.813159
279,343.800989
280,343.792435
281,343.787038
282,343.784476
283,343.784504
284,343.786918
285,343.791547
286,343.798235
287,343.806823
288,343.817138
289,343.828973
290,343.842064
291,343.856057
292,343.870446
293,343.884521
294,343.897425
295,343.908475
296,343.917176
297,343.923157
298,343.926134
299,343.925903
300,343.922326
301,343.915324
302,343.904871
303,343.890987
304,343.873744
305,343.853275
306,343.829783
307,343.803549
308,343.774947
309,343.744491
310,343.712890
311,343.680914
312,343.649159
313,343.618021
314,343.587757
315,343.558553
316,343.530599
317,343.504265
318,343.480628
319,343.463155
320,344.997353
321,345.025652
322,345.058047
323,345.087431
324,345.111893
325,345.131016
326,345.144737
327,345.153007
328,345.155680
329,345.152478
330,345.142977
331,345.126624
332,345.102829
333,345.071351
334,345.033618
335,344.997017
336,344.859409
337,344.220023
338,344.016137
339,343.935014
340,343.893076
341,343.866431
342,343.847685
343,343.834247
344,343.825007
345,343.819366
346,343.816935
347,343.817435
348,343.820657
349,343.826439
350,343.834650
351,343.845175
352,343.857903
353,343.872713
354,343.889462
355,343.907916
356,343.927558
357,343.947226
358,343.965116
359,343.980244
360,343.992185
361,344.000658
362,344.005437
363,344.006347
364,344.003273
365,343.996150
366,343.984954
367,343.969699
368,343.950442
369,343.927294
370,343.900421
371,343.870041
372,343.836430
373,343.800107
374,343.762333
375,343.724674
376,343.688037
377,343.652790
378,343.619068
379,343.586944
380,343.556527
381,343.528141
382,343.502868
383,343.484313
384,345.066584
385,345.096521
386,345.130511
387,345.161171
388,345.186584
389,345.206361
390,345.220461
391,345.228836
392,345.231322
393,345.227601
394,345.217183
395,345.199414
396,345.173564
397,345.139239
398,345.097901
399,345.058248
400,344.975153
401,344.306472
402,344.075034
403,343.980594
404,343.932256
405,343.902185
406,343.881440
407,343.866828
408,343.856989
409,343.851204
410,343.849023
411,343.850146
412,343.854366
413,343.861546
414,343.871608
415,343.884520
416,343.900313
417,343.919120
418,343.941234
419,343.967077
420,343.996626
421,344.027693
422,344.054600
423,344.076101
424,344.092653
425,344.104520
426,344.111708
427,344.114152
428,344.111796
429,344.104606
430,344.092566
431,344.075678
432,344.053960
433,344.027455
434,343.996201
435,343.960109
436,343.918785
437,343.871947
438,343.822552
439,343.775093
440,343.731036
441,343.690212
442,343.652166
443,343.616584
444,343.583355
445,343.552689
446,343.525640
447,343.505931
448,345.132859
449,345.164581
450,345.200401
451,345.232568
452,345.259122
453,345.279695
454,345.294264
455,345.302783
456,345.305069
457,345.300760
458,345.289293
459,345.269911
460,345.241756
461,345.204316
462,345.159117
463,345.115734
464,345.034502
465,344.363826
466,344.123125
467,344.021820
468,343.969165
469,343.936398
470,343.913973
471,343.898379
472,343.888087
473,343.882292
474,343.880503
475,343.882406
476,343.887814
477,343.896637
478,343.908880
479,343.924666
480,343.944325
481,343.968624
482,343.999222
483,344.039153
484,344.091762
485,344.153395
486,344.199705
487,344.231794
488,344.254997
489,344.271497
490,344.281913
491,344.286409
492,344.285046
493,344.277849
494,344.264819
495,344.245930
496,344.221131
497,344.190333
498,344.153288
499,344.109054
500,344.054509
501,343.983540
502,343.905236
503,343.836769
504,343.779640
505,343.730607
506,343.686981
507,343.647289
508,343.610876
509,343.577706
510,343.548749
511,343.527822
512,345.194670
513,345.228104
514,345.265755
515,345.299470
516,345.327221
517,345.348645
518,345.363735
519,345.372443
520,345.374567
521,345.369704
522,345.357228
523,345.336298
524,345.305960
525,345.265646
526,345.217022
527,345.170471
528,345.088616
529,344.411115
530,344.164757
531,344.059144
532,344.003459
533,343.968650
534,343.944920
535,343.928592
536,343.918039
537,343.912397
538,343.911150
539,343.913993
540,343.920769
541,343.931459
542,343.946195
543,343.965353
544,343.989831
545,344.021830
546,344.066745
547,344.136699
548,344.252298
549,344.418722
550,344.511916
551,344.560969
552,344.593571
553,344.616591
554,344.631567
555,344.638971
556,344.639042
557,344.631907
558,344.617598
559,344.596040
560,344.567068
561,344.530409
562,344.485476
563,344.429966
564,344.352834
565,344.212379
566,344.042195
567,343.919901
568,343.836541
569,343.774433
570,343.723381
571,343.678799
572,343.638826
573,343.602950
574,343.571975
575,343.549782
576,345.246226
577,345.281122
578,345.320382
579,345.355493
580,345.384348
581,345.406583
582,345.422194
583,345.431134
584,345.433184
585,345.427909
586,345.414639
587,345.392472
588,345.360403
589,345.317854
590,345.266642
591,345.217785
592,345.135385
593,344.451663
594,344.201259
595,344.092700
596,344.034891
597,343.998625
598,343.973984
599,343.957207
600,343.946610
601,343.941297
602,343.940749
603,343.944678
604,343.952976
605,343.965716
606,343.983201
607,344.006168
608,344.036442
609,344.078943
610,344.147596
611,344.281140
612,344.574886
613,345.167931
614,345.365811
615,345.429851
616,345.474791
617,345.508163
618,345.530691
619,345.542940
620,345.545420
621,345.538448
622,345.522107
623,345.496237
624,345.460468
625,345.414317
626,345.357455
627,345.289415
628,345.194920
629,344.822975
630,344.310285
631,344.042176
632,343.904987
633,343.821861
634,343.760998
635,343.710719
636,343.666861
637,343.628129
638,343.595063
639,343.571575
640,345.286779
641,345.322855
642,345.363442
643,345.399734
644,345.429552
645,345.452520
646,345.468638
647,345.477857
648,345.479945
649,345.474446
650,345.460659
651,345.437648
652,345.404381
653,345.360293
654,345.307329
655,345.256939
656,345.174171
657,344.486062
658,344.232932
659,344.122443
660,344.063259
661,344.026078
662,344.000927
663,343.984001
664,343.973590
665,343.968788
666,343.969086
667,343.974226
668,343.984162
669,343.999071
670,344.019452
671,344.046468
672,344.083103
673,344.138026
674,344.238902
675,344.479369
676,345.191742
677,345.575208
678,345.660519
679,345.717137
680,345.764517
681,345.800400
682,345.824742
683,345.838144
684,345.841194
685,345.834263
686,345.817445
687,345.790559
688,345.753174
689,345.704734
690,345.644984
691,345.575271
692,345.501732
693,345.348315
694,344.823085
695,344.212542
696,343.983480
697,343.871432
698,343.798927
699,343.742455
700,343.694549
701,343.652900
702,343.617725
703,343.592942
704,345.316796
705,345.353773
706,345.395396
707,345.432637
708,345.463257
709,345.486872
710,345.503479
711,345.513027
712,345.515277
713,345.509760
714,345.495754
715,345.472308
716,345.438377
717,345.393412
718,345.339442
719,345.288176
720,345.205197
721,344.514536
722,344.259851
723,344.148301
724,344.088410
725,344.050831
726,344.025565
727,344.008795
728,343.998801
729,343.994686
730,343.995961
731,344.002408
732,344.014048
733,344.031166
734,344.054445
735,344.085429
736,344.128024
737,344.193553
738,344.317978
739,344.621481
740,345.517451
741,345.690235
742,345.759959
743,345.818939
744,345.869881
745,345.908571
746,345.934868
747,345.949498
748,345.953154
749,345.946264
750,345.928940
751,345.900974
752,345.861864
753,345.810940
754,345.747848
755,345.674304
756,345.600200
757,345.502029
758,345.195325
759,344.353402
760,344.054859
761,343.918656
762,343.835608
763,343.773238
764,343.721396
765,343.676895
766,343.639658
767,343.613611
768,345.336846
769,345.374452
770,345.416822
771,345.454777
772,345.486036
773,345.510206
774,345.527283
775,345.537214
776,345.539755
777,345.534431
778,345.520512
779,345.497036
780,345.462955
781,345.417728
782,345.363421
783,345.311848
784,345.228795
785,344.537237
786,344.282047
787,344.170220
788,344.110243
789,344.072756
790,344.047763
791,344.031447
792,344.022097
793,344.018834
794,344.021196
795,344.029013
796,344.042371
797,344.061656
798,344.087709
799,344.122346
800,344.170016
801,344.243201
802,344.380122
803,344.702711
804,345.604098
805,345.764944
806,345.838890
807,345.903294
808,345.959105
809,346.001511
810,346.030417
811,346.046696
812,346.051162
813,346.044314
814,346.026282
815,345.996829
816,345.955368
817,345.901099
818,345.833535
819,345.754475
820,345.674965
821,345.576226
822,345.290487
823,344.431207
824,344.110049
825,343.960586
826,343.869780
827,343.802359
828,343.746917
829,343.699742
830,343.660554
831,343.633307
832,345.347282
833,345.385251
834,345.428083
835,345.466517
836,345.498250
837,345.522883
838,345.540411
839,345.550779
840,345.553744
841,345.548827
842,345.535298
843,345.512192
844,345.478459
845,345.433554
846,345.379535
847,345.328177
848,345.245175
849,344.554251
850,344.299531
851,344.188164
852,344.128689
853,344.091772
854,344.067428
855,344.051856
856,344.043367
857,344.041104
858,344.044642
859,344.053857
860,344.068901
861,344.090244
862,344.118854
863,344.156734
864,344.208633
865,344.287521
866,344.432300
867,344.765177
868,345.677462
869,345.839451
870,345.918364
871,345.988212
872,346.049002
873,346.095310
874,346.127004
875,346.145058
876,346.150388
877,346.143558
878,346.124716
879,346.093594
880,346.049536
881,345.991637
882,345.919339
883,345.834607
884,345.749569
885,345.646985
886,345.359556
887,344.487671
888,344.155172
889,343.997506
890,343.900930
891,343.829306
892,343.770695
893,343.721103
894,343.680127
895,343.651772
896,345.348160
897,345.386230
898,345.429237
899,345.467915
900,345.499957
901,345.524960
902,345.542919
903,345.553779
904,345.557300
905,345.553006
906,345.540172
907,345.517836
908,345.484945
909,345.440941
910,345.387822
911,345.337192
912,345.254363
913,344.565575
914,344.312285
915,344.202102
916,344.143712
917,344.107831
918,344.084507
919,344.069963
920,344.062537
921,344.061407
922,344.066186
923,344.076797
924,344.093451
925,344.116692
926,344.147584
927,344.188258
928,344.243638
929,344.326940
930,344.477409
931,344.817822
932,345.741367
933,345.904825
934,345.987695
935,346.061919
936,346.126828
937,346.176441
938,346.210534
939,346.230121
940,346.236180
941,346.229318
942,346.209699
943,346.177036
944,346.130625
945,346.069507
946,345.993117
947,345.903630
948,345.814092
949,345.708139
950,345.417792
951,344.533842
952,344.193360
953,344.029820
954,343.928783
955,343.853705
956,343.792389
957,343.740685
958,343.698123
959,343.668775
960,345.339230
961,345.377129
962,345.420023
963,345.458707
964,345.490890
965,345.516169
966,345.534538
967,345.545945
968,345.550153
969,345.546699
970,345.534866
971,345.513705
972,345.482163
973,345.439657
974,345.388081
975,345.338716
976,345.256190
977,344.571115
978,344.320257
979,344.212009
980,344.155297
981,344.120926
982,344.098988
983,344.085746
984,344.079576
985,344.079694
986,344.085757
987,344.097735
988,344.115890
989,344.140831
990,344.173691
991,344.216691
992,344.274863
993,344.361566
994,344.516275
995,344.862318
996,345.794755
997,345.959327
998,346.045062
999,346.122507
1000,346.190509
1001,346.242644
1002,346.278580
1003,346.299337
1004,346.305921
1005,346.298968
1006,346.278649
1007,346.244669
1008,346.196301
1009,346.132566
1010,346.052927
1011,345.959761
1012,345.866827
1013,345.758349
1014,345.465670
1015,344.572035
1016,344.225561
1017,344.057617
1018,343.953125
1019,343.875277
1020,343.811731
1021,343.758249
1022,343.714330
1023,343.684117
1024,345.319945
1025,345.357394
1026,345.399876
1027,345.438326
1028,345.470481
1029,345.495942
1030,345.514700
1031,345.526705
1032,345.531731
1033,345.529329
1034,345.518805
1035,345.499232
1036,345.469569
1037,345.429199
1038,345.379868
1039,345.332372
1040,345.250295
1041,344.570690
1042,344.323370
1043,344.217871
1044,344.163467
1045,344.131090
1046,344.110904
1047,344.099230
1048,344.094493
1049,344.095958
1050,344.103329
1051,344.116622
1052,344.136146
1053,344.162559
1054,344.197052
1055,344.241904
1056,344.302214
1057,344.391428
1058,344.549176
1059,344.899194
1060,345.837884
1061,346.003223
1062,346.090893
1063,346.170531
1064,346.240654
1065,346.294527
1066,346.331726
1067,346.353257
1068,346.360142
1069,346.353030
1070,346.332099
1071,346.297051
1072,346.247152
1073,346.181422
1074,346.099364
1075,346.003518
1076,345.908154
1077,345.797891
1078,345.503538
1079,344.602849
1080,344.252032
1081,344.080868
1082,343.973791
1083,343.893818
1084,343.828520
1085,343.773611
1086,343.728579
1087,343.697644
1088,345.289575
1089,345.326283
1090,345.368050
1091,345.406024
1092,345.437986
1093,345.463535
1094,345.482659
1095,345.495308
1096,345.501271
1097,345.500124
1098,345.491209
1099,345.473638
1100,345.446401
1101,345.408856
1102,345.362561
1103,345.317640
1104,345.236182
1105,344.564036
1106,344.321522
1107,344.219696
1108,344.168285
1109,344.138409
1110,344.120342
1111,344.110489
1112,344.107347
1113,344.110241
1114,344.118924
1115,344.133460
1116,344.154201
1117,344.181845
1118,344.217621
1119,344.263848
1120,344.325668
1121,344.416577
1122,344.576296
1123,344.928813
1124,345.871352
1125,346.037156
1126,346.125974
1127,346.206906
1128,346.278270
1129,346.333140
1130,346.371034
1131,346.392946
1132,346.399902
1133,346.392558
1134,346.371100
1135,346.335231
1136,346.284216
1137,346.217084
1138,346.133374
1139,346.035736
1140,345.938773
1141,345.827349
1142,345.531902
1143,344.626569
1144,344.272868
1145,344.099532
1146,343.990672
1147,343.909193
1148,343.842620
1149,343.786642
1150,343.740751
1151,343.709241
1152,345.247624
1153,345.283294
1154,345.324055
1155,345.361329
1156,345.392945
1157,345.418496
1158,345.437958
1159,345.451283
1160,345.458278
1161,345.458554
1162,345.451507
1163,345.436314
1164,345.412026
1165,345.378008
1166,345.335614
1167,345.294093
1168,345.213446
1169,344.550756
1170,344.314548
1171,344.217513
1172,344.169877
1173,344.143034
1174,344.127446
1175,344.119652
1176,344.118247
1177,344.122629
1178,344.132612
1179,344.148304
1180,344.170095
1181,344.198715
1182,344.235419
1183,344.282550
1184,344.345270
1185,344.437099
1186,344.597797
1187,344.951461
1188,345.895664
1189,346.061663
1190,346.150929
1191,346.232339
1192,346.304129
1193,346.359298
1194,346.397338
1195,346.419241
1196,346.426036
1197,346.418384
1198,346.396477
1199,346.360021
1200,346.308288
1201,346.240314
1202,346.155661
1203,346.057038
1204,345.959218
1205,345.847182
1206,345.551160
1207,344.643377
1208,344.288130
1209,344.113594
1210,344.003710
1211,343.921327
1212,343.853950
1213,343.797263
1214,343.750771
1215,343.718839
1216,345.195318
1217,345.229698
1218,345.269229
1219,345.305641
1220,345.336801
1221,345.362282
1222,345.382044
1223,345.396041
1224,345.404099
1225,345.405874
1226,345.400829
1227,345.388234
1228,345.367245
1229,345.337290
1230,345.299555
1231,345.262270
1232,345.182427
1233,344.529742
1234,344.301947
1235,344.211315
1236,344.168430
1237,344.145195
1238,344.132434
1239,344.126908
1240,344.127352
1241,344.133261
1242,344.144511
1243,344.161258
1244,344.183923
1245,344.213258
1246,344.250533
1247,344.298097
1248,344.361116
1249,344.453109
1250,344.613827
1251,344.967339
1252,345.911110
1253,346.077047
1254,346.166094
1255,346.247200
1256,346.318628
1257,346.373409
1258,346.411053
1259,346.432556
1260,346.438954
1261,346.430911
1262,346.408624
1263,346.371807
1264,346.319738
1265,346.251462
1266,346.166546
1267,346.067707
1268,345.969733
1269,345.857604
1270,345.561500
1271,344.653359
1272,344.297849
1273,344.123054
1274,344.012887
1275,343.930194
1276,343.862481
1277,343.805444
1278,343.758610
1279,343.726407
1280,345.140711
1281,345.173774
1282,345.212102
1283,345.247682
1284,345.278389
1285,345.303770
1286,345.323764
1287,345.338324
1288,345.347296
1289,345.350380
1290,345.347107
1291,345.336847
1292,345.318884
1293,345.292764
1294,345.259603
1295,345.226647
1296,345.142143
1297,344.495463
1298,344.281906
1299,344.200913
1300,344.164198
1301,344.145210
1302,344.135592
1303,344.132500
1304,344.134872
1305,344.142318
1306,344.154786
1307,344.172474
1308,344.195831
1309,344.225619
1310,344.263107
1311,344.310635
1312,344.373351
1313,344.464746
1314,344.624512
1315,344.976544
1316,345.917738
1317,346.083348
1318,346.171489
1319,346.251491
1320,346.321748
1321,346.375444
1322,346.412138
1323,346.432843
1324,346.438598
1325,346.430072
1326,346.407466
1327,346.370503
1328,346.318475
1329,346.250432
1330,346.165936
1331,346.067657
1332,345.970243
1333,345.858552
1334,345.562866
1335,344.656500
1336,344.302031
1337,344.127927
1338,344.018223
1339,343.935813
1340,343.868232
1341,343.811202
1342,343.764282
1343,343.731959
1344,345.071414
1345,345.103377
1346,345.140764
1347,345.175706
1348,345.206063
1349,345.231350
1350,345.251492
1351,345.266442
1352,345.276061
1353,345.280080
1354,345.278085
1355,345.269529
1356,345.253804
1357,345.230556
1358,345.200617
1359,345.168302
1360,344.957453
1361,344.420496
1362,344.249703
1363,344.185998
1364,344.157588
1365,344.143514
1366,344.137285
1367,344.136728
1368,344.141060
1369,344.150024
1370,344.163643
1371,344.182153
1372,344.206020
1373,344.236002
1374,344.273351
1375,344.320374
1376,344.382175
1377,344.472180
1378,344.629959
1379,344.979077
1380,345.915351
1381,346.080343
1382,346.166820
1383,346.244843
1384,346.313066
1385,346.364937
1386,346.400103
1387,346.419596
1388,346.424452
1389,346.415339
1390,346.392464
1391,346.355566
1392,346.303951
1393,346.236689
1394,346.153324
1395,346.056435
1396,345.960357
1397,345.849685
1398,345.554967
1399,344.652681
1400,344.300650
1401,344.128243
1402,344.019776
1403,343.938251
1404,343.871269
1405,343.814599
1406,343.767846
1407,343.735551
1408,344.869907
1409,344.900883
1410,344.937396
1411,344.971731
1412,345.001744
1413,345.026930
1414,345.047203
1415,345.062513
1416,345.072735
1417,345.077632
1418,345.076837
1419,345.069871
1420,345.056197
1421,345.035334
1422,345.005819
1423,344.944132
1424,344.507092
1425,344.295567
1426,344.206873
1427,344.168053
1428,344.149515
1429,344.140701
1430,344.137943
1431,344.139933
1432,344.146203
1433,344.156638
1434,344.171328
1435,344.190540
1436,344.214742
1437,344.244672
1438,344.281542
1439,344.327597
1440,344.387856
1441,344.475623
1442,344.630265
1443,344.974845
1444,345.903549
1445,346.067585
1446,346.151512
1447,346.226562
1448,346.291794
1449,346.341051
1450,346.374083
1451,346.391934
1452,346.395624
1453,346.385811
1454,346.362706
1455,346.326067
1456,346.275238
1457,346.209317
1458,346.127844
1459,346.033260
1460,345.939403
1461,345.830432
1462,345.537307
1463,344.641666
1464,344.293645
1465,344.124051
1466,344.017647
1467,343.937629
1468,343.871711
1469,343.815746
1470,343.769402
1471,343.737277
1472,344.262783
1473,344.290331
1474,344.323401
1475,344.355208
1476,344.383752
1477,344.408496
1478,344.429310
1479,344.446147
1480,344.458941
1481,344.467573
1482,344.471871
1483,344.471602
1484,344.466432
1485,344.455601
1486,344.436125
1487,344.394536
1488,344.284906
1489,344.211082
1490,344.171668
1491,344.151481
1492,344.141426
1493,344.137474
1494,344.138025
1495,344.142468
1496,344.150606
1497,344.162441
1498,344.178118
1499,344.197920
1500,344.222301
1501,344.251962
1502,344.288041
1503,344.332681
1504,344.390748
1505,344.475331
1506,344.625464
1507,344.963579
1508,345.881864
1509,346.044558
1510,346.124879
1511,346.195822
1512,346.257026
1513,346.302850
1514,346.333146
1515,346.348935
1516,346.351198
1517,346.340565
1518,346.317249
1519,346.281043
1520,346.231344
1521,346.167315
1522,346.088520
1523,345.997247
1524,345.906635
1525,345.800166
1526,345.509293
1527,344.622968
1528,344.280840
1529,344.115401
1530,344.011992
1531,343.934130
1532,343.869738
1533,343.814807
1534,343.769100
1535,343.737274
1536,344.035771
1537,344.061336
1538,344.092352
1539,344.122615
1540,344.150252
1541,344.174720
1542,344.195877
1543,344.213678
1544,344.228088
1545,344.239057
1546,344.246516
1547,344.250380
1548,344.250518
1549,344.246592
1550,344.237443
1551,344.219642
1552,344.188175
1553,344.162666
1554,344.146658
1555,344.137900
1556,344.134207
1557,344.134394
1558,344.137946
1559,344.144680
1560,344.154579
1561,344.167731
1562,344.184316
1563,344.204616
1564,344.229057
1565,344.258273
1566,344.293298
1567,344.336107
1568,344.391300
1569,344.471538
1570,344.615236
1571,344.944203
1572,345.850056
1573,346.011233
1574,346.086818
1575,346.152494
1576,346.208698
1577,346.250378
1578,346.277442
1579,346.290838
1580,346.291465
1581,346.279910
1582,346.256385
1583,346.220725
1584,346.172414
1585,346.110726
1586,346.035305
1587,345.948316
1588,345.862020
1589,345.758757
1590,345.470045
1591,344.594988
1592,344.261584
1593,344.102263
1594,344.003015
1595,343.928009
1596,343.865591
1597,343.811996
1598,343.767127
1599,343.735718
1600,343.933150
1601,343.957262
1602,343.986773
1603,344.015898
1604,344.042865
1605,344.067142
1606,344.088578
1607,344.107132
1608,344.122789
1609,344.135541
1610,344.145383
1611,344.152323
1612,344.156379
1613,344.157539
1614,344.155640
1615,344.150256
1616,344.141516
1617,344.133812
1618,344.128998
1619,344.127211
1620,344.128212
1621,344.131838
1622,344.138047
1623,344.146878
1624,344.158419
1625,344.172810
1626,344.190242
1627,344.210986
1628,344.235417
1629,344.264081
1630,344.297865
1631,344.338484
1632,344.390055
1633,344.464273
1634,344.597825
1635,344.911171
1636,345.805445
1637,345.969806
1638,346.040364
1639,346.100218
1640,346.151066
1641,346.188437
1642,346.212210
1643,346.223197
1644,346.222186
1645,346.209706
1646,346.185963
1647,346.150845
1648,346.103941
1649,346.044675
1650,345.972843
1651,345.890560
1652,345.809101
1653,345.707836
1654,345.411534
1655,344.550718
1656,344.233648
1657,344.084341
1658,343.990961
1659,343.919603
1660,343.859580
1661,343.807578
1662,343.763714
1663,343.732815
1664,343.874958
1665,343.897915
1666,343.926230
1667,343.954452
1668,343.980893
1669,344.005037
1670,344.026732
1671,344.045937
1672,344.062653
1673,344.076895
1674,344.088697
1675,344.098120
1676,344.105261
1677,344.110253
1678,344.113265
1679,344.114531
1680,344.114604
1681,344.114831
1682,344.116138
1683,344.118971
1684,344.123556
1685,344.130051
1686,344.138599
1687,344.149336
1688,344.162407
1689,344.177973
1690,344.196228
1691,344.217410
1692,344.241832
1693,344.269932
1694,344.302403
1695,344.340585
1696,344.387737
1697,344.453304
1698,344.567897
1699,344.838044
1700,345.658685
1701,345.911431
1702,345.982244
1703,346.037039
1704,346.083021
1705,346.116548
1706,346.137430
1707,346.146312
1708,346.143863
1709,346.130552
1710,346.106582
1711,346.071890
1712,346.026169
1713,345.969008
1714,345.900384
1715,345.822367
1716,345.744552
1717,345.627351
1718,345.218213
1719,344.462307
1720,344.191644
1721,344.061139
1722,343.976214
1723,343.909357
1724,343.852083
1725,343.801862
1726,343.759121
1727,343.728801
1728,343.835525
1729,343.857549
1730,343.884898
1731,343.912394
1732,343.938425
1733,343.962489
1734,343.984436
1735,344.004228
1736,344.021871
1737,344.037396
1738,344.050859
1739,344.062343
1740,344.071978
1741,344.079940
1742,344.086469
1743,344.091887
1744,344.096647
1745,344.101381
1746,344.106642
1747,344.112839
1748,344.120279
1749,344.129202
1750,344.139811
1751,344.152286
1752,344.166795
1753,344.183508
1754,344.202603
1755,344.224282
1756,344.248788
1757,344.276434
1758,344.307691
1759,344.343434
1760,344.385690
1761,344.439916
1762,344.521763
1763,344.675294
1764,345.009076
1765,345.665454
1766,345.823636
1767,345.881825
1768,345.926240
1769,345.958295
1770,345.978032
1771,345.986057
1772,345.983000
1773,345.969305
1774,345.945178
1775,345.910576
1776,345.865235
1777,345.808797
1778,345.741259
1779,345.664011
1780,345.573893
1781,345.247042
1782,344.628789
1783,344.300771
1784,344.134481
1785,344.033868
1786,343.959703
1787,343.897898
1788,343.843544
1789,343.795188
1790,343.753625
1791,343.723922
1792,343.806088
1793,343.827362
1794,343.853937
1795,343.880859
1796,343.906581
1797,343.930616
1798,343.952815
1799,343.973142
1800,343.991608
1801,344.008249
1802,344.023129
1803,344.036342
1804,344.048021
1805,344.058345
1806,344.067547
1807,344.075917
1808,344.083812
1809,344.091638
1810,344.099789
1811,344.108610
1812,344.118397
1813,344.129403
1814,344.141847
1815,344.155924
1816,344.171813
1817,344.189680
1818,344.209688
1819,344.232001
1820,344.256786
1821,344.284234
1822,344.314602
1823,344.348329
1824,344.386384
1825,344.431169
1826,344.488701
1827,344.572592
1828,344.705569
1829,344.889827
1830,344.981019
1831,345.029382
1832,345.061071
1833,345.081523
1834,345.091943
1835,345.092840
1836,345.084591
1837,345.067498
1838,345.041780
1839,345.007566
1840,344.964904
1841,344.913766
1842,344.853952
1843,344.784118
1844,344.695695
1845,344.546989
1846,344.342304
1847,344.190920
1848,344.086592
1849,344.008166
1850,343.943168
1851,343.886007
1852,343.834441
1853,343.787901
1854,343.747505
1855,343.718423
1856,343.783258
1857,343.803937
1858,343.829905
1859,343.856388
1860,343.881892
1861,343.905946
1862,343.928402
1863,343.949225
1864,343.968425
1865,343.986039
1866,344.002134
1867,344.016803
1868,344.030173
1869,344.042410
1870,344.053723
1871,344.064361
1872,344.074611
1873,344.084787
1874,344.095202
1875,344.106154
1876,344.117915
1877,344.130733
1878,344.144830
1879,344.160409
1880,344.177653
1881,344.196729
1882,344.217784
1883,344.240948
1884,344.266324
1885,344.293992
1886,344.324021
1887,344.356508
1888,344.391705
1889,344.430318
1890,344.474066
1891,344.526211
1892,344.590198
1893,344.661052
1894,344.710881
1895,344.744004
1896,344.766030
1897,344.778940
1898,344.783319
1899,344.779422
1900,344.767469
1901,344.747691
1902,344.720332
1903,344.685644
1904,344.643888
1905,344.595316
1906,344.540058
1907,344.477652
1908,344.405510
1909,344.316901
1910,344.216537
1911,344.127058
1912,344.051486
1913,343.986122
1914,343.927675
1915,343.874304
1916,343.825190
1917,343.780313
1918,343.741014
1919,343.712531
1920,343.765443
1921,343.785659
1922,343.811165
1923,343.837330
1924,343.862703
1925,343.886824
1926,343.909547
1927,343.930834
1928,343.950695
1929,343.969165
1930,343.986306
1931,344.002206
1932,344.016984
1933,344.030789
1934,344.043806
1935,344.056250
1936,344.068365
1937,344.080413
1938,344.092664
1939,344.105384
1940,344.118829
1941,344.133242
1942,344.148849
1943,344.165863
1944,344.184475
1945,344.204858
1946,344.227157
1947,344.251480
1948,344.277885
1949,344.306369
1950,344.336849
1951,344.369156
1952,344.403063
1953,344.438397
1954,344.475219
1955,344.513784
1956,344.553855
1957,344.592716
1958,344.623923
1959,344.646648
1960,344.661462
1961,344.668635
1962,344.668227
1963,344.660290
1964,344.644942
1965,344.622378
1966,344.592873
1967,344.556783
1968,344.514562
1969,344.466758
1970,344.413884
1971,344.356271
1972,344.293819
1973,344.226200
1974,344.155848
1975,344.088341
1976,344.025664
1977,343.967630
1978,343.913620
1979,343.863175
1980,343.816108
1981,343.772683
1982,343.734371
1983,343.706440
1984,343.751716
1985,343.771588
1986,343.796761
1987,343.822717
1988,343.848040
1989,343.872277
1990,343.895282
1991,343.917015
1992,343.937480
1993,343.956709
1994,343.974757
1995,343.991707
1996,344.007663
1997,344.022764
1998,344.037172
1999,344.051079
2000,344.064700
2001,344.078269
2002,344.092031
2003,344.106234
2004,344.121129
2005,344.136960
2006,344.153966
2007,344.172374
2008,344.192397
2009,344.214228
2010,344.238029
2011,344.263915
2012,344.291941
2013,344.322070
2014,344.354129
2015,344.387733
2016,344.422221
2017,344.456759
2018,344.490746
2019,344.523662
2020,344.554744
2021,344.582563
2022,344.605064
2023,344.621264
2024,344.630756
2025,344.633292
2026,344.628711
2027,344.616959
2028,344.598089
2029,344.572271
2030,344.539786
2031,344.501058
2032,344.456743
2033,344.407818
2034,344.355191
2035,344.299571
2036,344.241534
2037,344.181727
2038,344.121437
2039,344.062487
2040,344.005928
2041,343.952112
2042,343.901088
2043,343.852835
2044,343.807407
2045,343.765199
2046,343.727744
2047,343.700307
2048,343.741455
2049,343.761085
2050,343.786043
2051,343.811894
2052,343.837246
2053,343.861651
2054,343.884962
2055,343.907133
2056,343.928162
2057,343.948075
2058,343.966921
2059,343.984771
2060,344.001722
2061,344.017898
2062,344.033448
2063,344.048546
2064,344.063391
2065,344.078201
2066,344.093208
2067,344.108659
2068,344.124804
2069,344.141903
2070,344.160213
2071,344.179993
2072,344.201490
2073,344.224941
2074,344.250558
2075,344.278521
2076,344.308968
2077,344.341967
2078,344.377431
2079,344.414850
2080,344.452857
2081,344.489337
2082,344.523430
2083,344.554625
2084,344.582297
2085,344.605609
2086,344.623608
2087,344.635586
2088,344.641064
2089,344.639704
2090,344.631286
2091,344.615698
2092,344.592940
2093,344.563110
2094,344.526383
2095,344.483045
2096,344.433878
2097,344.381045
2098,344.326106
2099,344.269899
2100,344.212967
2101,344.155848
2102,344.099237
2103,344.043906
2104,343.990416
2105,343.939078
2106,343.890039
2107,343.843375
2108,343.799212
2109,343.757985
2110,343.721247
2111,343.694239
2112,343.734210
2113,343.753692
2114,343.778544
2115,343.804389
2116,343.829851
2117,343.854483
2118,343.878133
2119,343.900749
2120,343.922320
2121,343.942865
2122,343.962422
2123,343.981055
2124,343.998851
2125,344.015923
2126,344.032409
2127,344.048474
2128,344.064308
2129,344.080121
2130,344.096146
2131,344.112633
2132,344.129849
2133,344.148075
2134,344.167602
2135,344.188732
2136,344.211771
2137,344.237030
2138,344.264830
2139,344.295517
2140,344.329520
2141,344.367417
2142,344.409856
2143,344.456778
2144,344.505197
2145,344.547970
2146,344.585118
2147,344.617224
2148,344.644259
2149,344.665828
2150,344.681423
2151,344.690584
2152,344.692931
2153,344.688161
2154,344.676041
2155,344.656412
2156,344.629175
2157,344.594229
2158,344.551262
2159,344.499490
2160,344.438780
2161,344.376180
2162,344.314842
2163,344.255128
2164,344.196784
2165,344.139719
2166,344.084080
2167,344.030129
2168,343.978101
2169,343.928153
2170,343.880368
2171,343.834801
2172,343.791567
2173,343.751101
2174,343.714946
2175,343.688302
2176,343.729647
2177,343.749069
2178,343.773921
2179,343.799861
2180,343.825520
2181,343.850447
2182,343.874484
2183,343.897567
2184,343.919679
2185,343.940823
2186,343.961032
2187,343.980356
2188,343.998875
2189,344.016694
2190,344.033943
2191,344.050781
2192,344.067396
2193,344.084000
2194,344.100833
2195,344.118159
2196,344.136269
2197,344.155477
2198,344.176121
2199,344.198564
2200,344.223195
2201,344.250446
2202,344.280826
2203,344.315047
2204,344.354306
2205,344.400840
2206,344.458455
2207,344.530919
2208,344.612156
2209,344.669906
2210,344.713784
2211,344.749163
2212,344.777523
2213,344.799040
2214,344.813552
2215,344.820824
2216,344.820612
2217,344.812668
2218,344.796748
2219,344.772617
2220,344.740009
2221,344.698412
2222,344.646141
2223,344.577759
2224,344.483551
2225,344.395112
2226,344.318810
2227,344.251231
2228,344.188921
2229,344.130025
2230,344.073773
2231,344.019898
2232,343.968321
2233,343.919006
2234,343.871920
2235,343.827045
2236,343.784454
2237,343.744553
2238,343.708858
2239,343.682519
2240,343.727528
2241,343.746975
2242,343.771933
2243,343.798074
2244,343.824027
2245,343.849333
2246,343.873821
2247,343.897417
2248,343.920086
2249,343.941823
2250,343.962644
2251,343.982593
2252,344.001738
2253,344.020177
2254,344.038037
2255,344.055475
2256,344.072680
2257,344.089874
2258,344.107308
2259,344.125272
2260,344.144087
2261,344.164112
2262,344.185744
2263,344.209426
2264,344.235656
2265,344.265036
2266,344.298385
2267,344.337102
2268,344.384131
2269,344.446314
2270,344.538732
2271,344.686220
2272,344.889369
2273,344.976346
2274,345.030344
2275,345.071269
2276,345.102846
2277,345.125785
2278,345.140252
2279,345.146256
2280,345.143709
2281,345.132421
2282,345.112115
2283,345.082436
2284,345.042932
2285,344.992721
2286,344.928133
2287,344.829697
2288,344.614658
2289,344.451035
2290,344.339815
2291,344.256877
2292,344.187481
2293,344.125084
2294,344.067066
2295,344.012377
2296,343.960544
2297,343.911307
2298,343.864492
2299,343.819987
2300,343.777803
2301,343.738301
2302,343.702962
2303,343.676877
2304,343.727687
2305,343.747246
2306,343.772422
2307,343.798882
2308,343.825242
2309,343.851031
2310,343.876061
2311,343.900237
2312,343.923509
2313,343.945854
2314,343.967275
2315,343.987802
2316,344.007496
2317,344.026448
2318,344.044781
2319,344.062656
2320,344.080266
2321,344.097845
2322,344.115667
2323,344.134049
2324,344.153353
2325,344.173993
2326,344.196438
2327,344.221223
2328,344.248982
2329,344.280531
2330,344.317126
2331,344.361258
2332,344.419133
2333,344.508064
2334,344.676595
2335,345.044941
2336,345.773685
2337,345.863345
2338,345.922735
2339,345.971723
2340,346.009402
2341,346.035791
2342,346.051317
2343,346.056335
2344,346.050976
2345,346.035122
2346,346.008414
2347,345.970297
2348,345.920213
2349,345.858206
2350,345.785792
2351,345.685340
2352,344.954112
2353,344.569013
2354,344.380910
2355,344.271010
2356,344.190961
2357,344.123609
2358,344.062978
2359,344.006851
2360,343.954265
2361,343.904707
2362,343.857846
2363,343.813466
2364,343.771504
2365,343.732272
2366,343.697205
2367,343.671332
2368,343.730022
2369,343.749784
2370,343.775302
2371,343.802217
2372,343.829124
2373,343.855530
2374,343.881220
2375,343.906078
2376,343.930028
2377,343.953027
2378,343.975060
2379,343.996143
2380,344.016326
2381,344.035697
2382,344.054376
2383,344.072526
2384,344.090350
2385,344.108100
2386,344.126073
2387,344.144622
2388,344.164159
2389,344.185159
2390,344.208173
2391,344.233842
2392,344.262949
2393,344.296547
2394,344.336377
2395,344.386222
2396,344.456525
2397,344.580686
2398,344.875125
2399,345.774868
2400,345.966794
2401,346.023275
2402,346.082448
2403,346.132581
2404,346.171094
2405,346.197958
2406,346.213656
2407,346.218590
2408,346.212920
2409,346.196536
2410,346.169063
2411,346.129915
2412,346.078494
2413,346.014909
2414,345.942393
2415,345.875110
2416,345.680123
2417,344.752820
2418,344.436018
2419,344.290040
2420,344.197322
2421,344.124279
2422,344.060575
2423,344.002640
2424,343.948989
2425,343.898847
2426,343.851723
2427,343.807294
2428,343.765423
2429,343.726366
2430,343.691510
2431,343.665820
2432,343.734482
2433,343.754546
2434,343.780550
2435,343.808085
2436,343.835714
2437,343.862910
2438,343.889425
2439,343.915108
2440,343.939851
2441,343.963583
2442,343.986268
2443,344.007907
2444,344.028539
2445,344.048244
2446,344.067144
2447,344.085405
2448,344.103242
2449,344.120925
2450,344.138780
2451,344.157201
2452,344.176656
2453,344.197691
2454,344.220947
2455,344.247178
2456,344.277317
2457,344.312639
2458,344.355279
2459,344.409897
2460,344.489172
2461,344.632254
2462,344.966776
2463,345.914626
2464,346.031789
2465,346.092356
2466,346.156263
2467,346.209982
2468,346.250892
2469,346.279175
2470,346.295499
2471,346.300389
2472,346.294075
2473,346.276458
2474,346.247122
2475,346.205380
2476,346.150473
2477,346.082322
2478,346.004233
2479,345.932267
2480,345.812426
2481,344.831125
2482,344.471994
2483,344.306103
2484,344.203875
2485,344.125714
2486,344.058950
2487,343.999090
2488,343.944230
2489,343.893363
2490,343.845852
2491,343.801271
2492,343.759410
2493,343.720469
2494,343.685786
2495,343.660260
2496,343.741056
2497,343.761537
2498,343.788199
2499,343.816562
2500,343.845141
2501,343.873362
2502,343.900925
2503,343.927631
2504,343.953330
2505,343.977917
2506,344.001329
2507,344.023550
2508,344.044606
2509,344.064572
2510,344.083568
2511,344.101767
2512,344.119394
2513,344.136739
2514,344.154161
2515,344.172099
2516,344.191082
2517,344.211738
2518,344.234804
2519,344.261157
2520,344.291873
2521,344.328416
2522,344.373203
2523,344.431383
2524,344.516543
2525,344.669284
2526,345.017549
2527,345.971318
2528,346.086250
2529,346.151819
2530,346.220786
2531,346.278430
2532,346.322048
2533,346.351979
2534,346.369061
2535,346.373939
2536,346.366910
2537,346.347889
2538,346.316415
2539,346.271705
2540,346.212851
2541,346.139637
2542,346.055494
2543,345.977796
2544,345.859899
2545,344.869312
2546,344.494733
2547,344.318142
2548,344.209252
2549,344.126858
2550,344.057311
2551,343.995602
2552,343.939532
2553,343.887910
2554,343.839969
2555,343.795195
2556,343.753308
2557,343.714456
2558,343.679931
2559,343.654564
2560,343.749761
2561,343.770796
2562,343.798333
2563,343.827797
2564,343.857638
2565,343.887207
2566,343.916130
2567,343.944137
2568,343.971022
2569,343.996638
2570,344.020892
2571,344.043748
2572,344.065222
2573,344.085381
2574,344.104347
2575,344.122295
2576,344.139462
2577,344.156157
2578,344.172771
2579,344.189791
2580,344.207814
2581,344.227556
2582,344.249871
2583,344.275766
2584,344.306460
2585,344.343575
2586,344.389725
2587,344.450325
2588,344.539350
2589,344.697868
2590,345.054057
2591,346.017798
2592,346.133607
2593,346.203374
2594,346.276787
2595,346.338027
2596,346.384201
2597,346.415721
2598,346.433541
2599,346.438401
2600,346.430654
2601,346.410223
2602,346.376615
2603,346.328968
2604,346.266275
2605,346.188272
2606,346.098620
2607,346.015935
2608,345.896972
2609,344.893992
2610,344.509999
2611,344.326498
2612,344.212735
2613,344.126929
2614,344.055003
2615,343.991653
2616,343.934485
2617,343.882165
2618,343.833825
2619,343.788871
2620,343.746965
2621,343.708207
2622,343.673845
2623,343.648641
2624,343.760631
2625,343.782390
2626,343.811090
2627,343.842040
2628,343.873598
2629,343.905000
2630,343.935738
2631,343.965440
2632,343.993830
2633,344.020715
2634,344.045973
2635,344.069550
2636,344.091453
2637,344.111746
2638,344.130550
2639,344.148041
2640,344.164464
2641,344.180143
2642,344.195496
2643,344.211055
2644,344.227487
2645,344.245611
2646,344.266422
2647,344.291094
2648,344.321002
2649,344.357902
2650,344.404540
2651,344.466478
2652,344.557870
2653,344.720010
2654,345.081454
2655,346.053466
2656,346.169993
2657,346.242753
2658,346.319464
2659,346.383458
2660,346.431635
2661,346.464409
2662,346.482794
2663,346.487590
2664,346.479186
2665,346.457512
2666,346.422053
2667,346.371899
2668,346.305996
2669,346.224092
2670,346.130105
2671,346.043646
2672,345.923785
2673,344.910311
2674,344.519571
2675,344.331173
2676,344.213790
2677,344.125331
2678,344.051493
2679,343.986802
2680,343.928732
2681,343.875846
2682,343.827195
2683,343.782121
2684,343.740238
2685,343.701605
2686,343.667428
2687,343.642403
2688,343.773699
2689,343.796410
2690,343.826688
2691,343.859724
2692,343.893759
2693,343.927817
2694,343.961099
2695,343.993079
2696,344.023421
2697,344.051900
2698,344.078379
2699,344.102797
2700,344.125161
2701,344.145534
2702,344.164037
2703,344.180844
2704,344.196200
2705,344.210429
2706,344.223965
2707,344.237367
2708,344.251353
2709,344.266845
2710,344.285043
2711,344.307413
2712,344.335532
2713,344.371268
2714,344.417428
2715,344.479632
2716,344.572098
2717,344.736226
2718,345.100843
2719,346.078236
2720,346.195218
2721,346.269892
2722,346.348764
2723,346.414599
2724,346.464122
2725,346.497723
2726,346.516435
2727,346.521092
2728,346.512101
2729,346.489396
2730,346.452450
2731,346.400330
2732,346.331965
2733,346.247145
2734,346.150002
2735,346.060867
2736,345.940371
2737,344.919286
2738,344.523794
2739,344.331962
2740,344.211995
2741,344.121606
2742,344.046365
2743,343.980693
2744,343.921979
2745,343.868712
2746,343.819884
2747,343.774789
2748,343.733000
2749,343.694545
2750,343.660591
2751,343.635767
2752,343.788982
2753,343.812976
2754,343.845504
2755,343.881719
2756,343.919778
2757,343.958233
2758,343.995403
2759,344.030584
2760,344.063509
2761,344.094017
2762,344.122000
2763,344.147419
2764,344.170294
2765,344.190699
2766,344.208753
2767,344.224624
2768,344.238538
2769,344.250804
2770,344.261827
2771,344.272137
2772,344.282404
2773,344.293549
2774,344.307131
2775,344.325390
2776,344.350261
2777,344.383632
2778,344.428232
2779,344.489613
2780,344.581955
2781,344.746654
2782,345.112637
2783,346.092670
2784,346.209879
2785,346.285556
2786,346.365577
2787,346.432391
2788,346.482609
2789,346.516588
2790,346.535368
2791,346.539793
2792,346.530277
2793,346.506760
2794,346.468706
2795,346.415171
2796,346.345086
2797,346.258279
2798,346.159035
2799,346.068154
2800,345.947249
2801,344.921230
2802,344.522682
2803,344.328650
2804,344.207030
2805,344.115415
2806,344.039300
2807,343.973047
2808,343.913989
2809,343.860566
2810,343.811731
2811,343.766741
2812,343.725143
2813,343.686936
2814,343.653256
2815,343.628665
2816,343.806464
2817,343.832270
2818,343.868278
2819,343.910038
2820,343.956020
2821,344.003643
2822,344.047612
2823,344.087542
2824,344.123953
2825,344.157061
2826,344.186910
2827,344.213533
2828,344.236992
2829,344.257382
2830,344.274825
2831,344.289470
2832,344.301507
2833,344.311180
2834,344.318798
2835,344.324695
2836,344.329101
2837,344.332268
2838,344.336395
2839,344.346670
2840,344.365743
2841,344.395064
2842,344.436838
2843,344.496267
2844,344.587332
2845,344.751312
2846,345.117054
2847,346.097292
2848,346.214530
2849,346.290425
2850,346.370697
2851,346.437695
2852,346.487983
2853,346.521900
2854,346.540480
2855,346.544570
2856,346.534587
2857,346.510470
2858,346.471678
2859,346.417265
2860,346.346163
2861,346.258225
2862,346.157821
2863,346.065999
2864,345.944880
2865,344.916293
2866,344.516185
2867,344.321065
2868,344.198663
2869,344.106512
2870,344.030066
2871,343.963657
2872,343.904582
2873,343.851258
2874,343.802610
2875,343.757874
2876,343.716579
2877,343.678705
2878,343.645359
2879,343.621036
2880,343.826063
2881,343.854578
2882,343.896525
2883,343.949561
2884,344.014946
2885,344.087987
2886,344.145647
2887,344.192823
2888,344.233935
2889,344.270394
2890,344.302587
2891,344.330685
2892,344.354828
2893,344.375153
2894,344.391785
2895,344.404842
2896,344.414439
2897,344.420702
2898,344.423724
2899,344.423308
2900,344.418033
2901,344.403843
2902,344.383287
2903,344.375263
2904,344.383194
2905,344.405778
2906,344.443144
2907,344.499424
2908,344.588090
2909,344.750139
2910,345.114158
2911,346.092379
2912,346.209469
2913,346.284868
2914,346.364560
2915,346.430994
2916,346.480752
2917,346.514172
2918,346.532285
2919,346.535933
2920,346.525533
2921,346.501020
2922,346.461852
2923,346.407079
2924,346.335635
2925,346.247374
2926,346.146683
2927,346.054654
2928,345.933498
2929,344.904514
2930,344.504234
2931,344.309073
2932,344.186733
2933,344.094728
2934,344.018503
2935,343.952376
2936,343.893633
2937,343.840679
2938,343.792429
2939,343.748111
2940,343.707244
2941,343.669797
2942,343.636853
2943,343.612838
2944,343.847545
2945,343.880233
2946,343.932940
2947,344.011282
2948,344.131890
2949,344.295044
2950,344.380683
2951,344.437499
2952,344.484639
2953,344.525517
2954,344.560808
2955,344.590827
2956,344.615829
2957,344.636014
2958,344.651515
2959,344.662395
2960,344.668651
2961,344.670220
2962,344.666902
2963,344.657744
2964,344.637350
2965,344.579241
2966,344.476763
2967,344.420062
2968,344.404801
2969,344.416077
2970,344.447006
2971,344.498869
2972,344.584032
2973,344.742982
2974,345.103853
2975,346.077916
2976,346.194684
2977,346.268895
2978,346.347197
2979,346.412333
2980,346.460967
2981,346.493456
2982,346.510831
2983,346.513927
2984,346.503156
2985,346.478448
2986,346.439260
2987,346.384641
2988,346.313519
2989,346.225730
2990,346.125608
2991,346.034090
2992,345.913070
2993,344.885816
2994,344.486726
2995,344.292563
2996,344.171124
2997,344.079955
2998,344.004511
2999,343.939115
3000,343.881063
3001,343.828762
3002,343.781132
3003,343.737405
3004,343.697098
3005,343.660178
3006,343.627707
3007,343.604043
3008,343.870279
3009,343.909042
3010,343.980273
3011,344.113689
3012,344.395556
3013,344.938328
3014,345.053926
3015,345.113204
3016,345.167607
3017,345.215139
3018,345.255242
3019,345.288221
3020,345.314498
3021,345.334387
3022,345.348033
3023,345.355403
3024,345.356290
3025,345.350343
3026,345.337217
3027,345.316948
3028,345.287149
3029,345.113695
3030,344.687225
3031,344.495644
3032,344.432777
3033,344.425912
3034,344.448085
3035,344.494292
3036,344.574895
3037,344.729598
3038,345.085883
3039,346.053591
3040,346.169858
3041,346.242163
3042,346.318235
3043,346.381313
3044,346.428215
3045,346.459333
3046,346.475694
3047,346.478125
3048,346.467025
3049,346.442322
3050,346.403472
3051,346.349528
3052,346.279408
3053,346.192912
3054,346.094248
3055,346.003994
3056,345.883293
3057,344.859996
3058,344.463523
3059,344.271435
3060,344.151765
3061,344.062138
3062,343.988045
3063,343.923840
3064,343.866842
3065,343.815481
3066,343.768696
3067,343.725734
3068,343.686124
3069,343.649833
3070,343.617909
3071,343.594639
3072,343.892870
3073,343.938647
3074,344.034142
3075,344.258382
3076,344.932316
3077,345.076397
3078,345.137371
3079,345.194815
3080,345.249874
3081,345.297980
3082,345.338482
3083,345.371701
3084,345.398079
3085,345.417939
3086,345.431428
3087,345.438506
3088,345.438945
3089,345.432369
3090,345.418403
3091,345.397252
3092,345.371674
3093,345.321512
3094,345.108041
3095,344.602626
3096,344.463700
3097,344.433604
3098,344.445614
3099,344.485270
3100,344.560366
3101,344.709670
3102,345.059850
3103,346.018828
3104,346.134398
3105,346.203996
3106,346.276920
3107,346.337130
3108,346.381661
3109,346.410951
3110,346.426018
3111,346.427667
3112,346.416282
3113,346.391783
3114,346.353635
3115,346.300899
3116,346.232495
3117,346.148171
3118,346.051944
3119,345.963797
3120,345.843620
3121,344.826744
3122,344.434452
3123,344.245609
3124,344.128632
3125,344.041281
3126,343.969122
3127,343.906568
3128,343.850986
3129,343.800850
3130,343.755133
3131,343.713110
3132,343.674330
3133,343.638769
3134,343.607464
3135,343.584631
3136,343.913305
3137,343.963570
3138,344.070419
3139,344.316921
3140,344.994379
3141,345.114111
3142,345.178196
3143,345.239448
3144,345.297760
3145,345.348260
3146,345.390374
3147,345.424539
3148,345.451277
3149,345.470955
3150,345.483724
3151,345.489509
3152,345.488011
3153,345.478739
3154,345.461192
3155,345.435566
3156,345.405399
3157,345.354299
3158,345.168691
3159,344.642417
3160,344.479036
3161,344.435130
3162,344.438471
3163,344.471342
3164,344.540126
3165,344.682836
3166,345.025254
3167,345.972912
3168,346.087561
3169,346.153515
3170,346.222257
3171,346.278720
3172,346.320214
3173,346.347215
3174,346.360711
3175,346.361465
3176,346.349837
3177,346.325741
3178,346.288656
3179,346.237672
3180,346.171728
3181,346.090532
3182,345.997845
3183,345.912793
3184,345.793377
3185,344.785660
3186,344.399318
3187,344.215039
3188,344.101762
3189,344.017457
3190,343.947823
3191,343.887374
3192,343.833560
3193,343.784923
3194,343.740487
3195,343.699568
3196,343.661744
3197,343.627010
3198,343.596394
3199,343.574039
3200,343.930770
3201,343.983759
3202,344.096192
3203,344.350897
3204,345.033378
3205,345.153051
3206,345.220802
3207,345.285993
3208,345.347817
3209,345.400988
3210,345.444928
3211,345.480157
3212,345.507269
3213,345.526666
3214,345.538503
3215,345.542668
3216,345.538788
3217,345.526274
3218,345.504540
3219,345.473895
3220,345.438783
3221,345.384124
3222,345.197580
3223,344.659207
3224,344.483805
3225,344.430592
3226,344.426366
3227,344.452277
3228,344.513918
3229,344.648662
3230,344.981470
3231,345.915447
3232,346.028932
3233,346.090146
3234,346.153570
3235,346.205387
3236,346.243201
3237,346.267490
3238,346.279171
3239,346.278939
3240,346.267111
3241,346.243599
3242,346.207909
3243,346.159187
3244,346.096433
3245,346.019347
3246,345.931416
3247,345.850621
3248,345.732222
3249,344.736208
3250,344.357838
3251,344.179702
3252,344.071267
3253,343.990822
3254,343.924303
3255,343.866396
3256,343.814681
3257,343.767794
3258,343.724834
3259,343.685170
3260,343.648420
3261,343.614602
3262,343.584737
3263,343.562899
3264,343.944936
3265,343.999716
3266,344.115542
3267,344.375283
3268,345.064883
3269,345.185526
3270,345.256172
3271,345.324539
3272,345.389302
3273,345.444767
3274,345.490293
3275,345.526427
3276,345.553802
3277,345.572846
3278,345.583708
3279,345.586247
3280,345.580035
3281,345.564421
3282,345.538798
3283,345.503647
3284,345.464250
3285,345.406327
3286,345.216892
3287,344.666003
3288,344.481526
3289,344.420696
3290,344.409396
3291,344.428039
3292,344.481476
3293,344.606282
3294,344.927024
3295,345.847712
3296,345.960115
3297,346.015479
3298,346.072588
3299,346.119070
3300,346.152774
3301,346.174102
3302,346.183843
3303,346.182594
3304,346.170616
3305,346.147814
3306,346.113740
3307,346.067627
3308,346.008592
3309,345.936404
3310,345.854320
3311,345.778965
3312,345.661506
3313,344.676939
3314,344.309251
3315,344.139514
3316,344.037343
3317,343.961635
3318,343.898802
3319,343.843836
3320,343.794511
3321,343.749596
3322,343.708280
3323,343.670003
3324,343.634429
3325,343.601603
3326,343.572547
3327,343.551259
3328,343.955594
3329,344.011611
3330,344.129743
3331,344.393057
3332,345.088601
3333,345.210016
3334,345.282751
3335,345.353463
3336,345.420450
3337,345.477679
3338,345.524421
3339,345.561215
3340,345.588708
3341,345.607336
3342,345.617240
3343,345.618256
3344,345.609923
3345,345.591556
3346,345.562561
3347,345.523604
3348,345.480674
3349,345.420071
3350,345.228028
3351,344.665852
3352,344.473602
3353,344.405971
3354,344.387826
3355,344.398740
3356,344.442297
3357,344.552970
3358,344.854327
3359,345.770835
3360,345.890443
3361,345.939867
3362,345.990795
3363,346.032249
3364,346.062189
3365,346.080860
3366,346.088893
3367,346.086770
3368,346.074698
3369,346.052577
3370,346.020005
3371,345.976319
3372,345.920784
3373,345.853320
3374,345.777077
3375,345.707345
3376,345.582231
3377,344.599968
3378,344.250808
3379,344.094084
3380,344.000259
3381,343.930266
3382,343.871652
3383,343.819961
3384,343.773263
3385,343.730494
3386,343.690959
3387,343.654174
3388,343.619858
3389,343.588089
3390,343.559889
3391,343.539180
3392,343.962600
3393,344.019456
3394,344.139158
3395,344.404960
3396,345.104781
3397,345.226738
3398,345.300909
3399,345.373256
3400,345.441811
3401,345.500285
3402,345.547863
3403,345.585061
3404,345.612523
3405,345.630680
3406,345.639666
3407,345.639300
3408,345.629097
3409,345.608359
3410,345.576521
3411,345.534412
3412,345.488596
3413,345.425815
3414,345.231584
3415,344.659736
3416,344.460708
3417,344.386888
3418,344.362095
3419,344.364732
3420,344.395682
3421,344.481651
3422,344.723769
3423,345.492403
3424,345.795039
3425,345.843822
3426,345.890454
3427,345.928167
3428,345.955334
3429,345.972081
3430,345.978894
3431,345.976165
3432,345.964054
3433,345.942456
3434,345.911011
3435,345.869142
3436,345.816245
3437,345.752350
3438,345.680161
3439,345.610616
3440,345.293684
3441,344.464011
3442,344.175188
3443,344.042770
3444,343.960481
3445,343.897240
3446,343.843273
3447,343.795097
3448,343.751184
3449,343.710682
3450,343.673023
3451,343.637806
3452,343.604810
3453,343.574146
3454,343.546838
3455,343.526731
3456,343.965875
3457,344.023246
3458,344.143942
3459,344.411352
3460,345.113970
3461,345.236277
3462,345.311375
3463,345.384779
3464,345.454344
3465,345.513601
3466,345.561665
3467,345.599027
3468,345.626317
3469,345.643959
3470,345.652076
3471,345.650474
3472,345.638653
3473,345.615911
3474,345.581710
3475,345.537017
3476,345.488854
3477,345.424302
3478,345.228255
3479,344.648255
3480,344.443358
3481,344.363964
3482,344.332889
3483,344.327118
3484,344.343464
3485,344.393838
3486,344.519386
3487,344.825302
3488,345.465963
3489,345.558253
3490,345.604720
3491,345.639415
3492,345.664094
3493,345.679080
3494,345.684781
3495,345.681511
3496,345.669389
3497,345.648311
3498,345.617948
3499,345.577792
3500,345.527304
3501,345.466265
3502,345.393716
3503,345.277325
3504,344.600622
3505,344.252497
3506,344.084017
3507,343.987532
3508,343.919213
3509,343.863306
3510,343.814174
3511,343.769605
3512,343.728546
3513,343.690370
3514,343.654637
3515,343.621033
3516,343.589395
3517,343.559869
3518,343.533480
3519,343.513990
3520,343.965391
3521,344.022999
3522,344.144208
3523,344.412501
3524,345.116688
3525,345.239192
3526,345.314808
3527,345.388797
3528,345.458901
3529,345.518541
3530,345.566782
3531,345.604091
3532,345.631084
3533,345.648175
3534,345.655477
3535,345.652783
3536,345.639586
3537,345.615176
3538,345.579044
3539,345.532259
3540,345.482206
3541,345.416223
3542,345.218685
3543,344.631917
3544,344.422023
3545,344.337753
3546,344.301070
3547,344.287809
3548,344.291769
3549,344.315480
3550,344.370575
3551,344.478384
3552,344.641135
3553,344.705960
3554,344.739744
3555,344.761864
3556,344.776367
3557,344.784055
3558,344.785121
3559,344.779618
3560,344.767514
3561,344.748695
3562,344.722956
3563,344.690012
3564,344.649443
3565,344.600262
3566,344.538294
3567,344.443729
3568,344.246870
3569,344.100988
3570,344.004433
3571,343.934780
3572,343.878469
3573,343.829371
3574,343.784893
3575,343.743859
3576,343.705627
3577,343.669770
3578,343.635971
3579,343.603994
3580,343.573730
3581,343.545358
3582,343.519901
3583,343.501040
3584,343.961150
3585,344.018747
3586,344.140053
3587,344.408611
3588,345.113338
3589,345.235910
3590,345.311706
3591,345.385880
3592,345.456121
3593,345.515795
3594,345.563938
3595,345.601000
3596,345.627585
3597,345.644098
3598,345.650641
3599,345.646998
3600,345.632652
3601,345.606890
3602,345.569218
3603,345.520783
3604,345.469242
3605,345.402131
3606,345.203397
3607,344.611148
3608,344.397122
3609,344.308737
3610,344.267315
3611,344.247949
3612,344.242828
3613,344.250365
3614,344.272179
3615,344.310679
3616,344.360201
3617,344.391508
3618,344.411552
3619,344.425023
3620,344.433318
3621,344.436661
3622,344.434992
3623,344.428208
3624,344.416196
3625,344.398835
3626,344.375990
3627,344.347512
3628,344.313190
3629,344.272512
3630,344.223746
3631,344.161699
3632,344.078496
3633,344.002927
3634,343.940176
3635,343.886806
3636,343.839437
3637,343.796129
3638,343.755895
3639,343.718197
3640,343.682685
3641,343.649088
3642,343.617190
3643,343.586825
3644,343.557931
3645,343.530715
3646,343.506195
3647,343.487967
3648,343.953168
3649,344.010525
3650,344.131554
3651,344.399827
3652,345.104186
3653,345.226714
3654,345.302394
3655,345.376403
3656,345.446421
3657,345.505815
3658,345.553612
3659,345.590251
3660,345.616330
3661,345.632244
3662,345.638087
3663,345.633635
3664,345.618361
3665,345.591548
3666,345.552705
3667,345.503032
3668,345.450380
3669,345.382419
3670,345.182771
3671,344.586284
3672,344.368989
3673,344.277289
3674,344.232046
3675,344.207935
3676,344.196420
3677,344.194418
3678,344.200710
3679,344.214184
3680,344.231518
3681,344.245798
3682,344.256443
3683,344.263749
3684,344.267669
3685,344.267971
3686,344.264407
3687,344.256776
3688,344.244918
3689,344.228709
3690,344.208057
3691,344.182901
3692,344.153201
3693,344.118874
3694,344.079596
3695,344.034611
3696,343.983914
3697,343.933829
3698,343.886960
3699,343.843366
3700,343.802526
3701,343.764009
3702,343.727535
3703,343.692905
3704,343.659948
3705,343.628510
3706,343.598449
3707,343.569658
3708,343.542113
3709,343.516043
3710,343.492456
3711,343.474860
3712,343.941468
3713,343.998368
3714,344.118763
3715,344.386236
3716,345.089379
3717,345.211757
3718,345.287044
3719,345.360559
3720,345.430019
3721,345.488838
3722,345.536054
3723,345.572107
3724,345.597590
3725,345.612891
3726,345.618099
3727,345.612979
3728,345.596997
3729,345.569427
3730,345.529778
3731,345.479270
3732,345.425873
3733,345.357339
3734,345.157055
3735,344.557571
3736,344.337882
3737,344.243675
3738,344.195512
3739,344.167843
3740,344.151838
3741,344.143937
3742,344.142233
3743,344.145149
3744,344.150692
3745,344.156396
3746,344.161061
3747,344.164015
3748,344.164738
3749,344.162797
3750,344.157852
3751,344.149650
3752,344.138005
3753,344.122794
3754,344.103947
3755,344.081452
3756,344.055361
3757,344.025781
3758,343.992864
3759,343.956839
3760,343.918384
3761,343.879349
3762,343.840960
3763,343.803723
3764,343.767804
3765,343.733253
3766,343.700065
3767,343.668206
3768,343.637611
3769,343.608202
3770,343.579893
3771,343.552619
3772,343.526389
3773,343.501444
3774,343.478779
3775,343.461810
3776,343.926101
3777,343.982324
3778,344.101732
3779,344.367892
3780,345.068973
3781,345.191097
3782,345.265715
3783,345.338408
3784,345.406978
3785,345.464932
3786,345.511341
3787,345.546650
3788,345.571452
3789,345.586132
3790,345.590771
3791,345.585129
3792,345.568664
3793,345.540640
3794,345.500554
3795,345.449625
3796,345.395861
3797,345.327037
3798,345.126403
3799,344.525198
3800,344.304005
3801,344.208106
3802,344.157886
3803,344.127686
3804,344.108569
3805,344.096849
3806,344.090503
3807,344.088003
3808,344.087893
3809,344.088758
3810,344.089537
3811,344.089438
3812,344.087841
3813,344.084263
3814,344.078333
3815,344.069778
3816,344.058404
3817,344.044086
3818,344.026768
3819,344.006458
3820,343.983239
3821,343.957274
3822,343.928812
3823,343.898217
3824,343.866042
3825,343.833086
3826,343.800028
3827,343.767325
3828,343.735261
3829,343.704012
3830,343.673674
3831,343.644286
3832,343.615843
3833,343.588316
3834,343.561658
3835,343.535835
3836,343.510876
3837,343.487031
3838,343.465273
3839,343.448923
3840,343.907214
3841,343.962541
3842,344.080600
3843,344.344919
3844,345.043055
3845,345.164813
3846,345.238467
3847,345.309997
3848,345.377332
3849,345.434128
3850,345.479502
3851,345.513914
3852,345.537957
3853,345.552011
3854,345.556156
3855,345.550144
3856,345.533428
3857,345.505264
3858,345.465131
3859,345.414218
3860,345.360490
3861,345.291680
3862,345.091000
3863,344.489409
3864,344.267632
3865,344.170852
3866,344.119400
3867,344.087578
3868,344.066424
3869,344.052240
3870,344.043026
3871,344.037354
3872,344.034005
3873,344.031894
3874,344.030111
3875,344.027910
3876,344.024691
3877,344.019976
3878,344.013397
3879,344.004680
3880,343.993629
3881,343.980124
3882,343.964111
3883,343.945604
3884,343.924688
3885,343.901524
3886,343.876351
3887,343.849494
3888,343.821363
3889,343.792436
3890,343.763161
3891,343.733900
3892,343.704926
3893,343.676432
3894,343.648545
3895,343.621334
3896,343.594829
3897,343.569027
3898,343.543910
3899,343.519461
3900,343.495724
3901,343.472948
3902,343.452080
3903,343.436340
3904,343.885297
3905,343.939514
3906,344.055870
3907,344.317819
3908,345.012098
3909,345.133369
3910,345.205738
3911,345.275742
3912,345.341495
3913,345.396846
3914,345.440972
3915,345.474347
3916,345.497565
3917,345.511001
3918,345.514731
3919,345.508507
3920,345.491778
3921,345.463795
3922,345.424018
3923,345.373585
3924,345.320331
3925,345.251869
3926,345.051471
3927,344.450879
3928,344.229440
3929,344.132574
3930,344.080667
3931,344.048036
3932,344.025736
3933,344.010094
3934,343.999162
3935,343.991596
3936,343.986307
3937,343.982355
3938,343.978936
3939,343.975371
3940,343.971100
3941,343.965672
3942,343.958734
3943,343.950019
3944,343.939337
3945,343.926571
3946,343.911666
3947,343.894637
3948,343.875558
3949,343.854575
3950,343.831893
3951,343.807780
3952,343.782552
3953,343.756553
3954,343.730115
3955,343.703531
3956,343.677040
3957,343.650824
3958,343.625012
3959,343.599688
3960,343.574895
3961,343.550649
3962,343.526944
3963,343.503779
3964,343.481202
3965,343.459455
3966,343.439454
3967,343.424312
3968,343.861937
3969,343.914891
3970,344.029292
3971,344.288481
3972,344.978154
3973,345.098816
3974,345.169588
3975,345.237747
3976,345.301642
3977,345.355343
3978,345.398083
3979,345.430345
3980,345.452718
3981,345.465572
3982,345.468980
3983,345.462695
3984,345.446170
3985,345.418656
3986,345.379603
3987,345.330089
3988,345.277747
3989,345.209991
3990,345.010209
3991,344.411888
3992,344.191599
3993,344.095339
3994,344.043650
3995,344.010905
3996,343.988194
3997,343.971887
3998,343.960089
3999,343.951521
4000,343.945176
4001,343.940197
4002,343.935850
4003,343.931513
4004,343.926664
4005,343.920879
4006,343.913822
4007,343.905238
4008,343.894944
4009,343.882825
4010,343.868828
4011,343.852964
4012,343.835299
4013,343.815958
4014,343.795119
4015,343.773008
4016,343.749884
4017,343.726020
4018,343.701688
4019,343.677134
4020,343.652567
4021,343.628156
4022,343.604024
4023,343.580258
4024,343.556908
4025,343.533998
4026,343.511532
4027,343.489514
4028,343.467991
4029,343.447199
4030,343.428016
4031,343.413445
4032,343.842203
4033,343.894009
4034,344.006651
4035,344.263346
4036,344.948700
4037,345.068708
4038,345.137844
4039,345.204212
4040,345.266378
4041,345.318586
4042,345.360104
4043,345.391412
4044,345.413086
4045,345.425491
4046,345.428696
4047,345.422459
4048,345.406240
4049,345.379302
4050,345.341095
4051,345.292664
4052,345.241441
4053,345.174623
4054,344.975659
4055,344.380040
4056,344.161190
4057,344.065851
4058,344.014748
4059,343.982319
4060,343.959698
4061,343.943293
4062,343.931250
4063,343.922336
4064,343.915590
4065,343.910204
4066,343.905486
4067,343.900847
4068,343.895793
4069,343.889918
4070,343.882902
4071,343.874497
4072,343.864527
4073,343.852881
4074,343.839506
4075,343.824410
4076,343.807653
4077,343.789349
4078,343.769661
4079,343.748788
4080,343.726961
4081,343.704422
4082,343.681410
4083,343.658148
4084,343.634828
4085,343.611606
4086,343.588604
4087,343.565905
4088,343.543563
4089,343.521603
4090,343.500034
4091,343.478862
4092,343.458135
4093,343.438079
4094,343.419543
4095,343.405442
4096,343.719254
4097,343.745712
4098,343.769115
4099,343.789323
4100,343.806272
4101,343.819931
4102,343.830286
4103,343.837321
4104,343.841020
4105,343.841369
4106,343.838369
4107,343.832062
4108,343.822563
4109,343.810110
4110,343.795112
4111,343.778197
4112,343.760199
4113,343.742066
4114,343.724657
4115,343.708626
4116,343.694395
4117,343.682192
4118,343.672098
4119,343.664097
4120,343.658113
4121,343.654037
4122,343.651742
4123,343.651093
4124,343.651950
4125,343.654167
4126,343.657593
4127,343.662063
4128,343.667394
4129,343.673382
4130,343.679795
4131,343.686377
4132,343.692846
4133,343.698906
4134,343.704256
4135,343.708603
4136,343.711677
4137,343.713238
4138,343.713087
4139,343.711068
4140,343.707068
4141,343.701019
4142,343.692896
4143,343.682717
4144,343.670541
4145,343.656474
4146,343.640661
4147,343.623288
4148,343.604575
4149,343.584770
4150,343.564132
4151,343.542920
4152,343.521379
4153,343.499726
4154,343.478148
4155,343.456791
4156,343.435765
4157,343.415143
4158,343.394962
4159,343.375221
4160,343.766787
4161,343.795377
4162,343.820523
4163,343.842144
4164,343.860213
4165,343.874722
4166,343.885669
4167,343.893042
4168,343.896818
4169,343.896965
4170,343.893462
4171,343.886315
4172,343.875601
4173,343.861525
4174,343.844488
4175,343.825174
4176,343.804590
4177,343.783956
4178,343.764327
4179,343.746433
4180,343.730698
4181,343.717316
4182,343.706325
4183,343.697670
4184,343.691239
4185,343.686897
4186,343.684496
4187,343.683886
4188,343.684915
4189,343.687428
4190,343.691267
4191,343.696259
4192,343.702212
4193,343.708910
4194,343.716104
4195,343.723515
4196,343.730831
4197,343.737723
4198,343.743851
4199,343.748887
4200,343.752529
4201,343.754512
4202,343.754618
4203,343.752676
4204,343.748567
4205,343.742216
4206,343.733598
4207,343.722732
4208,343.709682
4209,343.694563
4210,343.677533
4211,343.658799
4212,343.638608
4213,343.617239
4214,343.594986
4215,343.572142
4216,343.548983
4217,343.525752
4218,343.502652
4219,343.479842
4220,343.457438
4221,343.435516
4222,343.414119
4223,343.393253
4224,343.826792
4225,343.858088
4226,343.885385
4227,343.908691
4228,343.928047
4229,343.943491
4230,343.955045
4231,343.962703
4232,343.966428
4233,343.966159
4234,343.961821
4235,343.953347
4236,343.940720
4237,343.924039
4238,343.903629
4239,343.880210
4240,343.855101
4241,343.830206
4242,343.806957
4243,343.786167
4244,343.768199
4245,343.753141
4246,343.740928
4247,343.731419
4248,343.724438
4249,343.719800
4250,343.717324
4251,343.716837
4252,343.718172
4253,343.721167
4254,343.725657
4255,343.731466
4256,343.738395
4257,343.746215
4258,343.754660
4259,343.763415
4260,343.772125
4261,343.780404
4262,343.787852
4263,343.794080
4264,343.798734
4265,343.801511
4266,343.802165
4267,343.800509
4268,343.796413
4269,343.789799
4270,343.780638
4271,343.768952
4272,343.754812
4273,343.738342
4274,343.719720
4275,343.699184
4276,343.677022
4277,343.653565
4278,343.629170
4279,343.604187
4280,343.578943
4281,343.553720
4282,343.528746
4283,343.504194
4284,343.480186
4285,343.456799
4286,343.434075
4287,343.412021
4288,343.901078
4289,343.935632
4290,343.965443
4291,343.990666
4292,344.011448
4293,344.027895
4294,344.040066
4295,344.047960
4296,344.051524
4297,344.050649
4298,344.045181
4299,344.034936
4300,344.019731
4301,343.999450
4302,343.974181
4303,343.944514
4304,343.912148
4305,343.880741
4306,343.852281
4307,343.827531
4308,343.806632
4309,343.789448
4310,343.775731
4311,343.765205
4312,343.757596
4313,343.752652
4314,343.750148
4315,343.749882
4316,343.751673
4317,343.755351
4318,343.760751
4319,343.767698
4320,343.775993
4321,343.785401
4322,343.795631
4323,343.806331
4324,343.817079
4325,343.827406
4326,343.836815
4327,343.844826
4328,343.851009
4329,343.855008
4330,343.856542
4331,343.855405
4332,343.851459
4333,343.844622
4334,343.834865
4335,343.822211
4336,343.806734
4337,343.788570
4338,343.767921
4339,343.745061
4340,343.720342
4341,343.694175
4342,343.667008
4343,343.639286
4344,343.611412
4345,343.583723
4346,343.556478
4347,343.529864
4348,343.504004
4349,343.478969
4350,343.454793
4351,343.431475
4352,343.991909
4353,344.030209
4354,344.062807
4355,344.090107
4356,344.112408
4357,344.129903
4358,344.142693
4359,344.150786
4360,344.154104
4361,344.152479
4362,344.145657
4363,344.133294
4364,344.114969
4365,344.090205
4366,344.058564
4367,344.019945
4368,343.975784
4369,343.934943
4370,343.899601
4371,343.869932
4372,343.845535
4373,343.825884
4374,343.810464
4375,343.798817
4376,343.790546
4377,343.785318
4378,343.782855
4379,343.782925
4380,343.785334
4381,343.789912
4382,343.796501
4383,343.804938
4384,343.815036
4385,343.826561
4386,343.839206
4387,343.852570
4388,343.866146
4389,343.879338
4390,343.891503
4391,343.902020
4392,343.910353
4393,343.916076
4394,343.918872
4395,343.918521
4396,343.914878
4397,343.907863
4398,343.897449
4399,343.883655
4400,343.866559
4401,343.846301
4402,343.823104
4403,343.797289
4404,343.769287
4405,343.739630
4406,343.708908
4407,343.677711
4408,343.646552
4409,343.615840
4410,343.585870
4411,343.556836
4412,343.528851
4413,343.501971
4414,343.476209
4415,343.451546
4416,344.101612
4417,344.143885
4418,344.179349
4419,344.208774
4420,344.232623
4421,344.251178
4422,344.264581
4423,344.272848
4424,344.275872
4425,344.273420
4426,344.265124
4427,344.250462
4428,344.228727
4429,344.198976
4430,344.159913
4431,344.109580
4432,344.044364
4433,343.991008
4434,343.947582
4435,343.912437
4436,343.884253
4437,343.861980
4438,343.844782
4439,343.831992
4440,343.823080
4441,343.817625
4442,343.815296
4443,343.815834
4444,343.819038
4445,343.824747
4446,343.832822
4447,343.843131
4448,343.855516
4449,343.869765
4450,343.885570
4451,343.902484
4452,343.919888
4453,343.936998
4454,343.952935
4455,343.966867
4456,343.978109
4457,343.986153
4458,343.990653
4459,343.991386
4460,343.988217
4461,343.981075
4462,343.969933
4463,343.954808
4464,343.935768
4465,343.912946
4466,343.886574
4467,343.857018
4468,343.824810
4469,343.790651
4470,343.755364
4471,343.719757
4472,343.684509
4473,343.650116
4474,343.616902
4475,343.585052
4476,343.554650
4477,343.525717
4478,343.498229
4479,343.472143
4480,344.201804
4481,344.247879
4482,344.286114
4483,344.317593
4484,344.342939
4485,344.362518
4486,344.376513
4487,344.384945
4488,344.387681
4489,344.384425
4490,344.374699
4491,344.357813
4492,344.332796
4493,344.298289
4494,344.252287
4495,344.191521
4496,344.109673
4497,344.045257
4498,343.994271
4499,343.953874
4500,343.922020
4501,343.897204
4502,343.878296
4503,343.864435
4504,343.854962
4505,343.849376
4506,343.847299
4507,343.848453
4508,343.852637
4509,343.859713
4510,343.869582
4511,343.882163
4512,343.897361
4513,343.915021
4514,343.934871
4515,343.956438
4516,343.978971
4517,344.001403
4518,344.022462
4519,344.040972
4520,344.056052
4521,344.067121
4522,344.073826
4523,344.075975
4524,344.073464
4525,344.066245
4526,344.054300
4527,344.037633
4528,344.016285
4529,343.990357
4530,343.960059
4531,343.925779
4532,343.888156
4533,343.848141
4534,343.806936
4535,343.765713
4536,343.725381
4537,343.686532
4538,343.649491
4539,343.614397
4540,343.581272
4541,343.550074
4542,343.520727
4543,343.493142
4544,344.282081
4545,344.331528
4546,344.372309
4547,344.405705
4548,344.432458
4549,344.453009
4550,344.467575
4551,344.476184
4552,344.478677
4553,344.474704
4554,344.463696
4555,344.444823
4556,344.416918
4557,344.378345
4558,344.326742
4559,344.258473
4560,344.167375
4561,344.095082
4562,344.038047
4563,343.993182
4564,343.958108
4565,343.931034
4566,343.910616
4567,343.895840
4568,343.885943
4569,343.880358
4570,343.878671
4571,343.880594
4572,343.885945
4573,343.894620
4574,343.906584
4575,343.921841
4576,343.940399
4577,343.962222
4578,343.987145
4579,344.014739
4580,344.044132
4581,344.073841
4582,344.101861
4583,344.126453
4584,344.146500
4585,344.161395
4586,344.170853
4587,344.174765
4588,344.173102
4589,344.165860
4590,344.153033
4591,344.134604
4592,344.110560
4593,344.080925
4594,344.045823
4595,344.005594
4596,343.960956
4597,343.913197
4598,343.864204
4599,343.815781
4600,343.769147
4601,343.724951
4602,343.683451
4603,343.644673
4604,343.608526
4605,343.574865
4606,343.543535
4607,343.514386
4608,344.346502
4609,344.398794
4610,344.441804
4611,344.476918
4612,344.504957
4613,344.526415
4614,344.541533
4615,344.550344
4616,344.552670
4617,344.548115
4618,344.536042
4619,344.515522
4620,344.485259
4621,344.443471
4622,344.387663
4623,344.314193
4624,344.217225
4625,344.139498
4626,344.077963
4627,344.029601
4628,343.991930
4629,343.963018
4630,343.941387
4631,343.925920
4632,343.915781
4633,343.910353
4634,343.909205
4635,343.912054
4636,343.918744
4637,343.929230
4638,343.943563
4639,343.961866
4640,343.984310
4641,344.011063
4642,344.042191
4643,344.077474
4644,344.116056
4645,344.155906
4646,344.193488
4647,344.226086
4648,344.252409
4649,344.271992
4650,344.284753
4651,344.290765
4652,344.290127
4653,344.282911
4654,344.269129
4655,344.248730
4656,344.221611
4657,344.187650
4658,344.146781
4659,344.099139
4660,344.045355
4661,343.987082
4662,343.927622
4663,343.869930
4664,343.815553
4665,343.765050
4666,343.718460
4667,343.675587
4668,343.636149
4669,343.599856
4670,343.566443
4671,343.535684
4672,344.397601
4673,344.452219
4674,344.497107
4675,344.533705
4676,344.562884
4677,344.585168
4678,344.600820
4679,344.609869
4680,344.612126
4681,344.607161
4682,344.594289
4683,344.572516
4684,344.540475
4685,344.496316
4686,344.437520
4687,344.360514
4688,344.259680
4689,344.178274
4690,344.113568
4691,344.062660
4692,344.023066
4693,343.992797
4694,343.970308
4695,343.954418
4696,343.944245
4697,343.939149
4698,343.938692
4699,343.942608
4700,343.950787
4701,343.963257
4702,343.980174
4703,344.001821
4704,344.028586
4705,344.060943
4706,344.099375
4707,344.144185
4708,344.195003
4709,344.249499
4710,344.300448
4711,344.343387
4712,344.377354
4713,344.402428
4714,344.418970
4715,344.427359
4716,344.427890
4717,344.420738
4718,344.405943
4719,344.383407
4720,344.352898
4721,344.314070
4722,344.266508
4723,344.209859
4724,344.144186
4725,344.071033
4726,343.997140
4727,343.927608
4728,343.863956
4729,343.806243
4730,343.754024
4731,343.706728
4732,343.663803
4733,343.624762
4734,343.589205
4735,343.556814
4736,344.437099
4737,344.493556
4738,344.539966
4739,344.577802
4740,344.607960
4741,344.630985
4742,344.647147
4743,344.656481
4744,344.658781
4745,344.653601
4746,344.640220
4747,344.617608
4748,344.584361
4749,344.538606
4750,344.477834
4751,344.398542
4752,344.295240
4753,344.211467
4754,344.144685
4755,344.092093
4756,344.051235
4757,344.020108
4758,343.997137
4759,343.981113
4760,343.971131
4761,343.966544
4762,343.966922
4763,343.972030
4764,343.981811
4765,343.996376
4766,344.016009
4767,344.041170
4768,344.072511
4769,344.110893
4770,344.157392
4771,344.213264
4772,344.279678
4773,344.356531
4774,344.426631
4775,344.482250
4776,344.524919
4777,344.556017
4778,344.576628
4779,344.587551
4780,344.589330
4781,344.582265
4782,344.566429
4783,344.541667
4784,344.507592
4785,344.463568
4786,344.408690
4787,344.341742
4788,344.261186
4789,344.165373
4790,344.071252
4791,343.987279
4792,343.913145
4793,343.847624
4794,343.789466
4795,343.737583
4796,343.691084
4797,343.649255
4798,343.611542
4799,343.577528
4800,344.466178
4801,344.524018
4802,344.571605
4803,344.610429
4804,344.641400
4805,344.665074
4806,344.681728
4807,344.691394
4808,344.693861
4809,344.688669
4810,344.675080
4811,344.652042
4812,344.618133
4813,344.571477
4814,344.509583
4815,344.428998
4816,344.324305
4817,344.239206
4818,344.171267
4819,344.117759
4820,344.076255
4821,344.044760
4822,344.021690
4823,344.005828
4824,343.996264
4825,343.992357
4826,343.993700
4827,344.000094
4828,344.011543
4829,344.028248
4830,344.050622
4831,344.079307
4832,344.115221
4833,344.159622
4834,344.214204
4835,344.281265
4836,344.363981
4837,344.466938
4838,344.558286
4839,344.626885
4840,344.678228
4841,344.715276
4842,344.739891
4843,344.753304
4844,344.756307
4845,344.749329
4846,344.732474
4847,344.705531
4848,344.667958
4849,344.618829
4850,344.556730
4851,344.479504
4852,344.383563
4853,344.261659
4854,344.144869
4855,344.045995
4856,343.961321
4857,343.888026
4858,343.823980
4859,343.767565
4860,343.717546
4861,343.672980
4862,343.633159
4863,343.597563
4864,344.485599
4865,344.544392
4866,344.592820
4867,344.632384
4868,344.664001
4869,344.688232
4870,344.705357
4871,344.715407
4872,344.718169
4873,344.713175
4874,344.699677
4875,344.676615
4876,344.642561
4877,344.595639
4878,344.533371
4879,344.452334
4880,344.347152
4881,344.261603
4882,344.193310
4883,344.139582
4884,344.098015
4885,344.066624
4886,344.043831
4887,344.028423
4888,344.019498
4889,344.016434
4890,344.018850
4891,344.026593
4892,344.039727
4893,344.058542
4894,344.083570
4895,344.115623
4896,344.155847
4897,344.205818
4898,344.267673
4899,344.344291
4900,344.439473
4901,344.557743
4902,344.662836
4903,344.741767
4904,344.800586
4905,344.842935
4906,344.871168
4907,344.886844
4908,344.890956
4909,344.884040
4910,344.866228
4911,344.837264
4912,344.796473
4913,344.742697
4914,344.674152
4915,344.588120
4916,344.480265
4917,344.342964
4918,344.211263
4919,344.100466
4920,344.006606
4921,343.926252
4922,343.856748
4923,343.796083
4924,343.742741
4925,343.695582
4926,343.653758
4927,343.616657
4928,344.495764
4929,344.555091
4930,344.604032
4931,344.644090
4932,344.676186
4933,344.700881
4934,344.718457
4935,344.728945
4936,344.732131
4937,344.727545
4938,344.714438
4939,344.691749
4940,344.658047
4941,344.611456
4942,344.549506
4943,344.468781
4944,344.363925
4945,344.278722
4946,344.210813
4947,344.157518
4948,344.116444
4949,344.085616
4950,344.063468
4951,344.048798
4952,344.040726
4953,344.038650
4954,344.042226
4955,344.051346
4956,344.066135
4957,344.086963
4958,344.114467
4959,344.149595
4960,344.193671
4961,344.248490
4962,344.316441
4963,344.400641
4964,344.504945
4965,344.633332
4966,344.747831
4967,344.834517
4968,344.899330
4969,344.946103
4970,344.977423
4971,344.995046
4972,345.000103
4973,344.993207
4974,344.974515
4975,344.943734
4976,344.900097
4977,344.842293
4978,344.768328
4979,344.675245
4980,344.558565
4981,344.410951
4982,344.268907
4983,344.149051
4984,344.047719
4985,343.961357
4986,343.887069
4987,343.822607
4988,343.766257
4989,343.716728
4990,343.673059
4991,343.634561
4992,344.496741
4993,344.556186
4994,344.605311
4995,344.645618
4996,344.678024
4997,344.703090
4998,344.721097
4999,344.732077
5000,344.735817
5001,344.731851
5002,344.719435
5003,344.697512
5004,344.664656
5005,344.618989
5006,344.558035
5007,344.478371
5008,344.374635
5009,344.290558
5010,344.223756
5011,344.171536
5012,344.131504
5013,344.101693
5014,344.080549
5015,344.066894
5016,344.059873
5017,344.058916
5018,344.063717
5019,344.074212
5020,344.090585
5021,344.113274
5022,344.143002
5023,344.180824
5024,344.228186
5025,344.287020
5026,344.359841
5027,344.449832
5028,344.560747
5029,344.696151
5030,344.817246
5031,344.909609
5032,344.979003
5033,345.029263
5034,345.063062
5035,345.082255
5036,345.088056
5037,345.081128
5038,345.061643
5039,345.029286
5040,344.983236
5041,344.922095
5042,344.843772
5043,344.745245
5044,344.622076
5045,344.467183
5046,344.317753
5047,344.191128
5048,344.083950
5049,343.992707
5050,343.914416
5051,343.846708
5052,343.787744
5053,343.736126
5054,343.690813
5055,343.651053
5056,344.488268
5057,344.547406
5058,344.596380
5059,344.636685
5060,344.669233
5061,344.694576
5062,344.712993
5063,344.724517
5064,344.728941
5065,344.725808
5066,344.714387
5067,344.693633
5068,344.662128
5069,344.617998
5070,344.558753
5071,344.480938
5072,344.379164
5073,344.297035
5074,344.232096
5075,344.181616
5076,344.143185
5077,344.114845
5078,344.095063
5079,344.082691
5080,344.076908
5081,344.077184
5082,344.083252
5083,344.095094
5084,344.112946
5085,344.137304
5086,344.168960
5087,344.209043
5088,344.259083
5089,344.321091
5090,344.397637
5091,344.491904
5092,344.607534
5093,344.747828
5094,344.873524
5095,344.969926
5096,345.042659
5097,345.095508
5098,345.131166
5099,345.151529
5100,345.157852
5101,345.150830
5102,345.130645
5103,345.096971
5104,345.048957
5105,344.985167
5106,344.903476
5107,344.800867
5108,344.672978
5109,344.512892
5110,344.358170
5111,344.226575
5112,344.114970
5113,344.019918
5114,343.938426
5115,343.868063
5116,343.806923
5117,343.753538
5118,343.706810
5119,343.665943
5120,344.469738
5121,344.528121
5122,344.576599
5123,344.616649
5124,344.649167
5125,344.674692
5126,344.693498
5127,344.705618
5128,344.710855
5129,344.708767
5130,344.698647
5131,344.679474
5132,344.649856
5133,344.607927
5134,344.551180
5135,344.476111
5136,344.377263
5137,344.298014
5138,344.235779
5139,344.187755
5140,344.151513
5141,344.125108
5142,344.107044
5143,344.096214
5144,344.091843
5145,344.093448
5146,344.100805
5147,344.113944
5148,344.133145
5149,344.158952
5150,344.192210
5151,344.234101
5152,344.286208
5153,344.350584
5154,344.429824
5155,344.527090
5156,344.645941
5157,344.789520
5158,344.918293
5159,345.017411
5160,345.092408
5161,345.147024
5162,345.183942
5163,345.205072
5164,345.211690
5165,345.204508
5166,345.183714
5167,345.148979
5168,345.099440
5169,345.033648
5170,344.949475
5171,344.843928
5172,344.712712
5173,344.549006
5174,344.390587
5175,344.255471
5176,344.140659
5177,344.042786
5178,343.958868
5179,343.886451
5180,343.823592
5181,343.768782
5182,343.720886
5183,343.679081
5184,344.440161
5185,344.497312
5186,344.544934
5187,344.584470
5188,344.616786
5189,344.642400
5190,344.661572
5191,344.674337
5192,344.680509
5193,344.679675
5194,344.671162
5195,344.653998
5196,344.626837
5197,344.587847
5198,344.534520
5199,344.463283
5200,344.368550
5201,344.293312
5202,344.234763
5203,344.189996
5204,344.156568
5205,344.132574
5206,344.116577
5207,344.107535
5208,344.104735
5209,344.107747
5210,344.116400
5211,344.130765
5212,344.151165
5213,344.178185
5214,344.212705
5215,344.255944
5216,344.309517
5217,344.375501
5218,344.456500
5219,344.555659
5220,344.676488
5221,344.822046
5222,344.952646
5223,345.053364
5224,345.129682
5225,345.185310
5226,345.222919
5227,345.244423
5228,345.251108
5229,345.243695
5230,345.222377
5231,345.186827
5232,345.136179
5233,345.068985
5234,344.983123
5235,344.875623
5236,344.742233
5237,344.576183
5238,344.415369
5239,344.277948
5240,344.161003
5241,344.061213
5242,343.975608
5243,343.901728
5244,343.837611
5245,343.781728
5246,343.732923
5247,343.690356
5248,344.398088
5249,344.453490
5250,344.499885
5251,344.538652
5252,344.570600
5253,344.596212
5254,344.615727
5255,344.629180
5256,344.636403
5257,344.637018
5258,344.630412
5259,344.615684
5260,344.591579
5261,344.556354
5262,344.507552
5263,344.441548
5264,344.352520
5265,344.282758
5266,344.229078
5267,344.188466
5268,344.158514
5269,344.137408
5270,344.123814
5271,344.116785
5272,344.115691
5273,344.120170
5274,344.130104
5275,344.145610
5276,344.167047
5277,344.195030
5278,344.230465
5279,344.274592
5280,344.329044
5281,344.395911
5282,344.477800
5283,344.577851
5284,344.699556
5285,344.845944
5286,344.977275
5287,345.078595
5288,345.155372
5289,345.211303
5290,345.249057
5291,345.270550
5292,345.277072
5293,345.269352
5294,345.247587
5295,345.211455
5296,345.160093
5297,345.092056
5298,345.005231
5299,344.896662
5300,344.762115
5301,344.594834
5302,344.432765
5303,344.294121
5304,344.176022
5305,344.075162
5306,343.988579
5307,343.913815
5308,343.848900
5309,343.792299
5310,343.742848
5311,343.699700
5312,344.341455
5313,344.394559
5314,344.439365
5315,344.477123
5316,344.508554
5317,344.534080
5318,344.553916
5319,344.568093
5320,344.576466
5321,344.578706
5322,344.574276
5323,344.562390
5324,344.541942
5325,344.511374
5326,344.468424
5327,344.409549
5328,344.328601
5329,344.266303
5330,344.218925
5331,344.183448
5332,344.157635
5333,344.139865
5334,344.128973
5335,344.124150
5336,344.124870
5337,344.130850
5338,344.142034
5339,344.158581
5340,344.180882
5341,344.209573
5342,344.245573
5343,344.290131
5344,344.344884
5345,344.411923
5346,344.493861
5347,344.593843
5348,344.715377
5349,344.861508
5350,344.992525
5351,345.093494
5352,345.169896
5353,345.225440
5354,345.262799
5355,345.283896
5356,345.290024
5357,345.281914
5358,345.259771
5359,345.223278
5360,345.171580
5361,345.103239
5362,345.016146
5363,344.907346
5364,344.772600
5365,344.605139
5366,344.442889
5367,344.304053
5368,344.185736
5369,344.084627
5370,343.997762
5371,343.922685
5372,343.857429
5373,343.800465
5374,343.750633
5375,343.707087
5376,344.267234
5377,344.317499
5378,344.360401
5379,344.396956
5380,344.427746
5381,344.453121
5382,344.473259
5383,344.488188
5384,344.497791
5385,344.501796
5386,344.499767
5387,344.491067
5388,344.474813
5389,344.449774
5390,344.414160
5391,344.365029
5392,344.296376
5393,344.244304
5394,344.204849
5395,344.175464
5396,344.154375
5397,344.140309
5398,344.132353
5399,344.129876
5400,344.132478
5401,344.139969
5402,344.152352
5403,344.169830
5404,344.192816
5405,344.221957
5406,344.258173
5407,344.302706
5408,344.357179
5409,344.423678
5410,344.504814
5411,344.603750
5412,344.724036
5413,344.868791
5414,344.998421
5415,345.098060
5416,345.173235
5417,345.227685
5418,345.264101
5419,345.284407
5420,345.289898
5421,345.281308
5422,345.258846
5423,345.222206
5424,345.170543
5425,345.102433
5426,345.015770
5427,344.907588
5428,344.773620
5429,344.607050
5430,344.445721
5431,344.307741
5432,344.190157
5433,344.089627
5434,344.003177
5435,343.928357
5436,343.863216
5437,343.806242
5438,343.756290
5439,343.712528
5440,344.170488
5441,344.217549
5442,344.258361
5443,344.293586
5444,344.323651
5445,344.348827
5446,344.369255
5447,344.384961
5448,344.395857
5449,344.401741
5450,344.402286
5451,344.397032
5452,344.385370
5453,344.366522
5454,344.339519
5455,344.303225
5456,344.256642
5457,344.218128
5458,344.187970
5459,344.165347
5460,344.149350
5461,344.139206
5462,344.134317
5463,344.134256
5464,344.138765
5465,344.147745
5466,344.161262
5467,344.179553
5468,344.203045
5469,344.232384
5470,344.268472
5471,344.312525
5472,344.366135
5473,344.431358
5474,344.510793
5475,344.607627
5476,344.725483
5477,344.867615
5478,344.994663
5479,345.091895
5480,345.164920
5481,345.217526
5482,345.252418
5483,345.271521
5484,345.276121
5485,345.266949
5486,345.244217
5487,345.207635
5488,345.156381
5489,345.089050
5490,345.003550
5491,344.896900
5492,344.764781
5493,344.600292
5494,344.441100
5495,344.305123
5496,344.189291
5497,344.090207
5498,344.004888
5499,343.930901
5500,343.866329
5501,343.809692
5502,343.759876
5503,343.716076
5504,344.077964
5505,344.121728
5506,344.160353
5507,344.194177
5508,344.223470
5509,344.248418
5510,344.269124
5511,344.285610
5512,344.297818
5513,344.305612
5514,344.308777
5515,344.307028
5516,344.300026
5517,344.287423
5518,344.268977
5519,344.244882
5520,344.216733
5521,344.191070
5522,344.170072
5523,344.154195
5524,344.143301
5525,344.137091
5526,344.135272
5527,344.137621
5528,344.144011
5529,344.154433
5530,344.169006
5531,344.187991
5532,344.211819
5533,344.241115
5534,344.276747
5535,344.319877
5536,344.372035
5537,344.435214
5538,344.511973
5539,344.605506
5540,344.719538
5541,344.857551
5542,344.980586
5543,345.074153
5544,345.143987
5545,345.193928
5546,345.226681
5547,345.244145
5548,345.247583
5549,345.237711
5550,345.214747
5551,345.178420
5552,345.127947
5553,345.061968
5554,344.978427
5555,344.874345
5556,344.745335
5557,344.584351
5558,344.428749
5559,344.296105
5560,344.183166
5561,344.086462
5562,344.003017
5563,343.930445
5564,343.866888
5565,343.810925
5566,343.761493
5567,343.717823
5568,344.001880
5569,344.042602
5570,344.079124
5571,344.111580
5572,344.140111
5573,344.164829
5574,344.185800
5575,344.203041
5576,344.216521
5577,344.226160
5578,344.231843
5579,344.233428
5580,344.230789
5581,344.223872
5582,344.212830
5583,344.198272
5584,344.181699
5585,344.165974
5586,344.152840
5587,344.143082
5588,344.136962
5589,344.134500
5590,344.135636
5591,344.140312
5592,344.148516
5593,344.160311
5594,344.175856
5595,344.195426
5596,344.219437
5597,344.248480
5598,344.283358
5599,344.325148
5600,344.375276
5601,344.435619
5602,344.508630
5603,344.597460
5604,344.705934
5605,344.837888
5606,344.955079
5607,345.043443
5608,345.108883
5609,345.155256
5610,345.185215
5611,345.200588
5612,345.202580
5613,345.191876
5614,345.168694
5615,345.132798
5616,345.083470
5617,345.019435
5618,344.938728
5619,344.838424
5620,344.714090
5621,344.558456
5622,344.408306
5623,344.280623
5624,344.171886
5625,344.078574
5626,343.997769
5627,343.927187
5628,343.865074
5629,343.810103
5630,343.761283
5631,343.717901
5632,343.939799
5633,343.977897
5634,344.012533
5635,344.043737
5636,344.071566
5637,344.096074
5638,344.117300
5639,344.135258
5640,344.149936
5641,344.161303
5642,344.169315
5643,344.173939
5644,344.175185
5645,344.173162
5646,344.168178
5647,344.160863
5648,344.152317
5649,344.144066
5650,344.137315
5651,344.132807
5652,344.130940
5653,344.131906
5654,344.135794
5655,344.142662
5656,344.152582
5657,344.165670
5658,344.182111
5659,344.202176
5660,344.226254
5661,344.254877
5662,344.288759
5663,344.328853
5664,344.376422
5665,344.433146
5666,344.501261
5667,344.583737
5668,344.684395
5669,344.807555
5670,344.916386
5671,344.997616
5672,345.057282
5673,345.099124
5674,345.125622
5675,345.138450
5676,345.138705
5677,345.127017
5678,345.103602
5679,345.068275
5680,345.020416
5681,344.958903
5682,344.881960
5683,344.786852
5684,344.669230
5685,344.521551
5686,344.379424
5687,344.258757
5688,344.155728
5689,344.066877
5690,343.989469
5691,343.921417
5692,343.861138
5693,343.807440
5694,343.759434
5695,343.716477
5696,343.889285
5697,343.925181
5698,343.958196
5699,343.988307
5700,344.015520
5701,344.039856
5702,344.061332
5703,344.079960
5704,344.095744
5705,344.108686
5706,344.118794
5707,344.126103
5708,344.130699
5709,344.132766
5710,344.132638
5711,344.130860
5712,344.128214
5713,344.125645
5714,344.123987
5715,344.123861
5716,344.125675
5717,344.129691
5718,344.136082
5719,344.144977
5720,344.156502
5721,344.170808
5722,344.188085
5723,344.208592
5724,344.232671
5725,344.260777
5726,344.293508
5727,344.331652
5728,344.376247
5729,344.428671
5730,344.490768
5731,344.565039
5732,344.654898
5733,344.764923
5734,344.861660
5735,344.933354
5736,344.985754
5737,345.022116
5738,345.044524
5739,345.054378
5740,345.052608
5741,345.039763
5742,345.016054
5743,344.981361
5744,344.935209
5745,344.876708
5746,344.804423
5747,344.716082
5748,344.607855
5749,344.472290
5750,344.342039
5751,344.230972
5752,344.135283
5753,344.051927
5754,343.978591
5755,343.913525
5756,343.855398
5757,343.803200
5758,343.756171
5759,343.713752
5760,343.848259
5761,343.882339
5762,343.913995
5763,343.943182
5764,343.969881
5765,343.994089
5766,344.015813
5767,344.035061
5768,344.051850
5769,344.066202
5770,344.078157
5771,344.087789
5772,344.095221
5773,344.100657
5774,344.104410
5775,344.106925
5776,344.108773
5777,344.110599
5778,344.113009
5779,344.116500
5780,344.121450
5781,344.128139
5782,344.136774
5783,344.147527
5784,344.160552
5785,344.176016
5786,344.194105
5787,344.215049
5788,344.239133
5789,344.266719
5790,344.298267
5791,344.334367
5792,344.375778
5793,344.423476
5794,344.478715
5795,344.543087
5796,344.618549
5797,344.707201
5798,344.785756
5799,344.845270
5800,344.889060
5801,344.919149
5802,344.936939
5803,344.943442
5804,344.939365
5805,344.925156
5806,344.901019
5807,344.866919
5808,344.822563
5809,344.767368
5810,344.700398
5811,344.620227
5812,344.524578
5813,344.409197
5814,344.297127
5815,344.198550
5816,344.111645
5817,344.034573
5818,343.965778
5819,343.904001
5820,343.848234
5821,343.797688
5822,343.751748
5823,343.709951
5824,343.815031
5825,343.847627
5826,343.878167
5827,343.906597
5828,343.932884
5829,343.957013
5830,343.978983
5831,343.998803
5832,344.016494
5833,344.032092
5834,344.045655
5835,344.057271
5836,344.067079
5837,344.075278
5838,344.082143
5839,344.088034
5840,344.093387
5841,344.098673
5842,344.104351
5843,344.110827
5844,344.118436
5845,344.127450
5846,344.138090
5847,344.150544
5848,344.164983
5849,344.181575
5850,344.200494
5851,344.221933
5852,344.246112
5853,344.273291
5854,344.303781
5855,344.337957
5856,344.376274
5857,344.419267
5858,344.467518
5859,344.521503
5860,344.581108
5861,344.644075
5862,344.701257
5863,344.747471
5864,344.782085
5865,344.805514
5866,344.818372
5867,344.821240
5868,344.814592
5869,344.798770
5870,344.773980
5871,344.740280
5872,344.697579
5873,344.645635
5874,344.584073
5875,344.512472
5876,344.430678
5877,344.340056
5878,344.249159
5879,344.164185
5880,344.086513
5881,344.015938
5882,343.951808
5883,343.893405
5884,343.840068
5885,343.791232
5886,343.746435
5887,343.705309
5888,343.788244
5889,343.819641
5890,343.849281
5891,343.877107
5892,343.903081
5893,343.927180
5894,343.949399
5895,343.969746
5896,343.988244
5897,344.004936
5898,344.019885
5899,344.033187
5900,344.044978
5901,344.055441
5902,344.064816
5903,344.073398
5904,344.081530
5905,344.089579
5906,344.097908
5907,344.106856
5908,344.116721
5909,344.127760
5910,344.140196
5911,344.154224
5912,344.170019
5913,344.187748
5914,344.207567
5915,344.229631
5916,344.254095
5917,344.281113
5918,344.310846
5919,344.343458
5920,344.379114
5921,344.417959
5922,344.460039
5923,344.505131
5924,344.552342
5925,344.599404
5926,344.642043
5927,344.677132
5928,344.703382
5929,344.720462
5930,344.728460
5931,344.727623
5932,344.718229
5933,344.700539
5934,344.674769
5935,344.641076
5936,344.599567
5937,344.550308
5938,344.493380
5939,344.429021
5940,344.357947
5941,344.282039
5942,344.205332
5943,344.131370
5944,344.061835
5945,343.997229
5946,343.937486
5947,343.882307
5948,343.831320
5949,343.784160
5950,343.740500
5951,343.700063
5952,343.766815
5953,343.797257
5954,343.826188
5955,343.853549
5956,343.879301
5957,343.903418
5958,343.925891
5959,343.946727
5960,343.965948
5961,343.983598
5962,343.999741
5963,344.014471
5964,344.027916
5965,344.040241
5966,344.051654
5967,344.062403
5968,344.072768
5969,344.083049
5970,344.093549
5971,344.104558
5972,344.116346
5973,344.129159
5974,344.143218
5975,344.158722
5976,344.175852
5977,344.194770
5978,344.215618
5979,344.238517
5980,344.263561
5981,344.290805
5982,344.320268
5983,344.351914
5984,344.385654
5985,344.421315
5986,344.458587
5987,344.496903
5988,344.535227
5989,344.571828
5990,344.604337
5991,344.630773
5992,344.649960
5993,344.661343
5994,344.664754
5995,344.660234
5996,344.647935
5997,344.628067
5998,344.600871
5999,344.566610
6000,344.525568
6001,344.478064
6002,344.424492
6003,344.365428
6004,344.301813
6005,344.235216
6006,344.167920
6007,344.102064
6008,344.039011
6009,343.979422
6010,343.923505
6011,343.871211
6012,343.822371
6013,343.776771
6014,343.734191
6015,343.694428
6016,343.749887
6017,343.779583
6018,343.807969
6019,343.834992
6020,343.860608
6021,343.884790
6022,343.907527
6023,343.928822
6024,343.948696
6025,343.967188
6026,343.984361
6027,344.000303
6028,344.015130
6029,344.028992
6030,344.042071
6031,344.054579
6032,344.066755
6033,344.078856
6034,344.091145
6035,344.103883
6036,344.117323
6037,344.131703
6038,344.147247
6039,344.164163
6040,344.182638
6041,344.202839
6042,344.224904
6043,344.248930
6044,344.274960
6045,344.302966
6046,344.332830
6047,344.364336
6048,344.397159
6049,344.430866
6050,344.464903
6051,344.498543
6052,344.530800
6053,344.560376
6054,344.585768
6055,344.605649
6056,344.619081
6057,344.625511
6058,344.624677
6059,344.616521
6060,344.601129
6061,344.578689
6062,344.549489
6063,344.513898
6064,344.472372
6065,344.425445
6066,344.373732
6067,344.317971
6068,344.259106
6069,344.198364
6070,344.137209
6071,344.077017
6072,344.018797
6073,343.963151
6074,343.910365
6075,343.860509
6076,343.813532
6077,343.769316
6078,343.727719
6079,343.688592
6080,343.736780
6081,343.765910
6082,343.793900
6083,343.820697
6084,343.846259
6085,343.870556
6086,343.893571
6087,343.915306
6088,343.935776
6089,343.955017
6090,343.973085
6091,343.990061
6092,344.006049
6093,344.021185
6094,344.035630
6095,344.049573
6096,344.063226
6097,344.076817
6098,344.090588
6099,344.104784
6100,344.119649
6101,344.135425
6102,344.152344
6103,344.170631
6104,344.190491
6105,344.212109
6106,344.235632
6107,344.261155
6108,344.288692
6109,344.318148
6110,344.349285
6111,344.381704
6112,344.414842
6113,344.448011
6114,344.480452
6115,344.511341
6116,344.539767
6117,344.564721
6118,344.585158
6119,344.600144
6120,344.608959
6121,344.611123
6122,344.606365
6123,344.594588
6124,344.575846
6125,344.550331
6126,344.518384
6127,344.480500
6128,344.437321
6129,344.389603
6130,344.338155
6131,344.283820
6132,344.227489
6133,344.170134
6134,344.112764
6135,344.056303
6136,344.001469
6137,343.948736
6138,343.898366
6139,343.850463
6140,343.805023
6141,343.761984
6142,343.721249
6143,343.682704
6144,343.726963
6145,343.755686
6146,343.783412
6147,343.810090
6148,343.835677
6149,343.860139
6150,343.883457
6151,343.905624
6152,343.926652
6153,343.946568
6154,343.965422
6155,343.983286
6156,344.000254
6157,344.016449
6158,344.032018
6159,344.047134
6160,344.061990
6161,344.076802
6162,344.091799
6163,344.107221
6164,344.123318
6165,344.140340
6166,344.158543
6167,344.178176
6168,344.199480
6169,344.222674
6170,344.247942
6171,344.275403
6172,344.305079
6173,344.336837
6174,344.370340
6175,344.404993
6176,344.439946
6177,344.474189
6178,344.506723
6179,344.536632
6180,344.563067
6181,344.585220
6182,344.602327
6183,344.613715
6184,344.618842
6185,344.617313
6186,344.608878
6187,344.593423
6188,344.570981
6189,344.541745
6190,344.506113
6191,344.464721
6192,344.418456
6193,344.368370
6194,344.315512
6195,344.260827
6196,344.205159
6197,344.149283
6198,344.093910
6199,344.039653
6200,343.986993
6201,343.936257
6202,343.887636
6203,343.841209
6204,343.796980
6205,343.754900
6206,343.714895
6207,343.676870
6208,343.720024
6209,343.748482
6210,343.776067
6211,343.802729
6212,343.828422
6213,343.853107
6214,343.876760
6215,343.899367
6216,343.920929
6217,343.941469
6218,343.961025
6219,343.979661
6220,343.997462
6221,344.014540
6222,344.031032
6223,344.047100
6224,344.062930
6225,344.078731
6226,344.094730
6227,344.111173
6228,344.128324
6229,344.146455
6230,344.165853
6231,344.186810
6232,344.209617
6233,344.234556
6234,344.261878
6235,344.291773
6236,344.324319
6237,344.359407
6238,344.396637
6239,344.435204
6240,344.473854
6241,344.511056
6242,344.545477
6243,344.576093
6244,344.602124
6245,344.622935
6246,344.637981
6247,344.646790
6248,344.648966
6249,344.644193
6250,344.632238
6251,344.612966
6252,344.586366
6253,344.552601
6254,344.512097
6255,344.465643
6256,344.414472
6257,344.360141
6258,344.304055
6259,344.247292
6260,344.190640
6261,344.134687
6262,344.079896
6263,344.026627
6264,343.975147
6265,343.925630
6266,343.878167
6267,343.832784
6268,343.789455
6269,343.748126
6270,343.708721
6271,343.671152
6272,343.715653
6273,343.743977
6274,343.771538
6275,343.798287
6276,343.824171
6277,343.849148
6278,343.873182
6279,343.896250
6280,343.918345
6281,343.939477
6282,343.959675
6283,343.978993
6284,343.997507
6285,344.015322
6286,344.032566
6287,344.049397
6288,344.065998
6289,344.082577
6290,344.099372
6291,344.116643
6292,344.134672
6293,344.153770
6294,344.174264
6295,344.196505
6296,344.220856
6297,344.247690
6298,344.277368
6299,344.310206
6300,344.346424
6301,344.386035
6302,344.428678
6303,344.473362
6304,344.518224
6305,344.560702
6306,344.598973
6307,344.631948
6308,344.658984
6309,344.679662
6310,344.693659
6311,344.700692
6312,344.700494
6313,344.692815
6314,344.677423
6315,344.654129
6316,344.622825
6317,344.583563
6318,344.536701
6319,344.483138
6320,344.424605
6321,344.363672
6322,344.302321
6323,344.241753
6324,344.182626
6325,344.125293
6326,344.069946
6327,344.016694
6328,343.965593
6329,343.916653
6330,343.869851
6331,343.825137
6332,343.782437
6333,343.741670
6334,343.702746
6335,343.665573
6336,343.713623
6337,343.741936
6338,343.769591
6339,343.796534
6340,343.822707
6341,343.848056
6342,343.872536
6343,343.896109
6344,343.918754
6345,343.940469
6346,343.961271
6347,343.981204
6348,344.000336
6349,344.018763
6350,344.036610
6351,344.054033
6352,344.071215
6353,344.088376
6354,344.105765
6355,344.123662
6356,344.142386
6357,344.162286
6358,344.183748
6359,344.207196
6360,344.233088
6361,344.261915
6362,344.294193
6363,344.330438
6364,344.371120
6365,344.416547
6366,344.466633
6367,344.520408
6368,344.575175
6369,344.625894
6370,344.670178
6371,344.707108
6372,344.736384
6373,344.757922
6374,344.771673
6375,344.777556
6376,344.775433
6377,344.765105
6378,344.746316
6379,344.718777
6380,344.682196
6381,344.636371
6382,344.581370
6383,344.517950
6384,344.448409
6385,344.377782
6386,344.308859
6387,344.242777
6388,344.179853
6389,344.120063
6390,344.063261
6391,344.009271
6392,343.957923
6393,343.909053
6394,343.862512
6395,343.818158
6396,343.775860
6397,343.735495
6398,343.696950
6399,343.660120
6400,343.713776
6401,343.742201
6402,343.770071
6403,343.797327
6404,343.823901
6405,343.849726
6406,343.874737
6407,343.898882
6408,343.922121
6409,343.944435
6410,343.965828
6411,343.986332
6412,344.006005
6413,344.024937
6414,344.043252
6415,344.061104
6416,344.078687
6417,344.096228
6418,344.113998
6419,344.132308
6420,344.151513
6421,344.172016
6422,344.194273
6423,344.218792
6424,344.246145
6425,344.276969
6426,344.311975
6427,344.351946
6428,344.397728
6429,344.450161
6430,344.509886
6431,344.576716
6432,344.647634
6433,344.710357
6434,344.762843
6435,344.805117
6436,344.837618
6437,344.860772
6438,344.874879
6439,344.880087
6440,344.876387
6441,344.863621
6442,344.841485
6443,344.809537
6444,344.767208
6445,344.713842
6446,344.648815
6447,344.571953
6448,344.485192
6449,344.400805
6450,344.321890
6451,344.248771
6452,344.180991
6453,344.117935
6454,344.059019
6455,344.003741
6456,343.951686
6457,343.902509
6458,343.855924
6459,343.811694
6460,343.769618
6461,343.729528
6462,343.691281
6463,343.654753
6464,343.716014
6465,343.744676
6466,343.772894
6467,343.800600
6468,343.827712
6469,343.854142
6470,343.879803
6471,343.904618
6472,343.928524
6473,343.951481
6474,343.973476
6475,343.994527
6476,344.014683
6477,344.034028
6478,344.052683
6479,344.070807
6480,344.088602
6481,344.106312
6482,344.124232
6483,344.142707
6484,344.162140
6485,344.182997
6486,344.205808
6487,344.231184
6488,344.259818
6489,344.292511
6490,344.330192
6491,344.373952
6492,344.425093
6493,344.485184
6494,344.556133
6495,344.640256
6496,344.740180
6497,344.818764
6498,344.880982
6499,344.929435
6500,344.965742
6501,344.990978
6502,345.005838
6503,345.010706
6504,345.005702
6505,344.990698
6506,344.965325
6507,344.928962
6508,344.880701
6509,344.819287
6510,344.742947
6511,344.648948
6512,344.532112
6513,344.429620
6514,344.338935
6515,344.257853
6516,344.184607
6517,344.117812
6518,344.056385
6519,343.999474
6520,343.946413
6521,343.896674
6522,343.849835
6523,343.805561
6524,343.763580
6525,343.723673
6526,343.685663
6527,343.649409
6528,343.720288
6529,343.749318
6530,343.778034
6531,343.806355
6532,343.834176
6533,343.861381
6534,343.887851
6535,343.913474
6536,343.938157
6537,343.961835
6538,343.984472
6539,344.006069
6540,344.026666
6541,344.046341
6542,344.065214
6543,344.083448
6544,344.101256
6545,344.118901
6546,344.136706
6547,344.155056
6548,344.174410
6549,344.195301
6550,344.218349
6551,344.244266
6552,344.273881
6553,344.308157
6554,344.348239
6555,344.395516
6556,344.451713
6557,344.519036
6558,344.600406
6559,344.699810
6560,344.822789
6561,344.915560
6562,344.986946
6563,345.041391
6564,345.081496
6565,345.108912
6566,345.124687
6567,345.129421
6568,345.123346
6569,345.106357
6570,345.078018
6571,345.037535
6572,344.983686
6573,344.914671
6574,344.827754
6575,344.718346
6576,344.577301
6577,344.458612
6578,344.356793
6579,344.267933
6580,344.189224
6581,344.118607
6582,344.054539
6583,343.995850
6584,343.941636
6585,343.891197
6586,343.843984
6587,343.799565
6588,343.757598
6589,343.717816
6590,343.680009
6591,343.644011
6592,343.726583
6593,343.756129
6594,343.785520
6595,343.814658
6596,343.843406
6597,343.871610
6598,343.899102
6599,343.925725
6600,343.951345
6601,343.975861
6602,343.999211
6603,344.021380
6604,344.042393
6605,344.062324
6606,344.081292
6607,344.099465
6608,344.117067
6609,344.134382
6610,344.151763
6611,344.169642
6612,344.188537
6613,344.209060
6614,344.231926
6615,344.257961
6616,344.288123
6617,344.323534
6618,344.365530
6619,344.415742
6620,344.476212
6621,344.549552
6622,344.639157
6623,344.749363
6624,344.885107
6625,344.988040
6626,345.066820
6627,345.126406
6628,345.169903
6629,345.199337
6630,345.216016
6631,345.220710
6632,345.213738
6633,345.195013
6634,345.164041
6635,345.119891
6636,345.061104
6637,344.985521
6638,344.889911
6639,344.769148
6640,344.614192
6641,344.483713
6642,344.372802
6643,344.277171
6644,344.193509
6645,344.119320
6646,344.052724
6647,343.992288
6648,343.936910
6649,343.885739
6650,343.838110
6651,343.793505
6652,343.751520
6653,343.711839
6654,343.674219
6655,343.638475
6656,343.734914
6657,343.765139
6658,343.795420
6659,343.825631
6660,343.855594
6661,343.885094
6662,343.913899
6663,343.941785
6664,343.968560
6665,343.994081
6666,344.018256
6667,344.041046
6668,344.062469
6669,344.082590
6670,344.101528
6671,344.119455
6672,344.136607
6673,344.153286
6674,344.169878
6675,344.186864
6676,344.204830
6677,344.224479
6678,344.246631
6679,344.272234
6680,344.302378
6681,344.338325
6682,344.381569
6683,344.433919
6684,344.497618
6685,344.575484
6686,344.671055
6687,344.788573
6688,344.932276
6689,345.042166
6690,345.126438
6691,345.190067
6692,345.236333
6693,345.267458
6694,345.284913
6695,345.289579
6696,345.281840
6697,345.261619
6698,345.228382
6699,345.181103
6700,345.118178
6701,345.037261
6702,344.934944
6703,344.806071
6704,344.642031
6705,344.503190
6706,344.385327
6707,344.284223
6708,344.196395
6709,344.119116
6710,344.050283
6711,343.988274
6712,343.931833
6713,343.879985
6714,343.831969
6715,343.787193
6716,343.745196
6717,343.705620
6718,343.668194
6719,343.632713
6720,343.745299
6721,343.776395
6722,343.807831
6723,343.839449
6724,343.871009
6725,343.902209
6726,343.932719
6727,343.962224
6728,343.990453
6729,344.017208
6730,344.042361
6731,344.065856
6732,344.087697
6733,344.107949
6734,344.126727
6735,344.144208
6736,344.160632
6737,344.176320
6738,344.191687
6739,344.207266
6740,344.223720
6741,344.241857
6742,344.262626
6743,344.287110
6744,344.316534
6745,344.352286
6746,344.395981
6747,344.449548
6748,344.515336
6749,344.596247
6750,344.695814
6751,344.818102
6752,344.966886
6753,345.081393
6754,345.169496
6755,345.236060
6756,345.284391
6757,345.316790
6758,345.334814
6759,345.339412
6760,345.331006
6761,345.309528
6762,345.274417
6763,345.224591
6764,345.158370
6765,345.073331
6766,344.966036
6767,344.831426
6768,344.661179
6769,344.516462
6770,344.393494
6771,344.288211
6772,344.197103
6773,344.117336
6774,344.046675
6775,343.983371
6776,343.926055
6777,343.873657
6778,343.825341
6779,343.780453
6780,343.738485
6781,343.699047
6782,343.661839
6783,343.626640
6784,343.757747
6785,343.789938
6786,343.822864
6787,343.856325
6788,343.889996
6789,343.923450
6790,343.956208
6791,343.987814
6792,344.017894
6793,344.046184
6794,344.072520
6795,344.096833
6796,344.119122
6797,344.139451
6798,344.157935
6799,344.174748
6800,344.190133
6801,344.204417
6802,344.218039
6803,344.231580
6804,344.245792
6805,344.261613
6806,344.280155
6807,344.302671
6808,344.330530
6809,344.365237
6810,344.408494
6811,344.462294
6812,344.529034
6813,344.611618
6814,344.713527
6815,344.838664
6816,344.990516
6817,345.107883
6818,345.198432
6819,345.266914
6820,345.316607
6821,345.349831
6822,345.368178
6823,345.372634
6824,345.363642
6825,345.341137
6826,345.304546
6827,345.252757
6828,345.184054
6829,345.095994
6830,344.985163
6831,344.846596
6832,344.672144
6833,344.523405
6834,344.396868
6835,344.288594
6836,344.195094
6837,344.113491
6838,344.041479
6839,343.977225
6840,343.919284
6841,343.866518
6842,343.818033
6843,343.773130
6844,343.731264
6845,343.692015
6846,343.655066
6847,343.620180
6848,343.772218
6849,343.805770
6850,343.840610
6851,343.876493
6852,343.912981
6853,343.949461
6854,343.985216
6855,344.019577
6856,344.052030
6857,344.082238
6858,344.110016
6859,344.135292
6860,344.158074
6861,344.178432
6862,344.196483
6863,344.212392
6864,344.226391
6865,344.238797
6866,344.250054
6867,344.260782
6868,344.271827
6869,344.284299
6870,344.299544
6871,344.319043
6872,344.344340
6873,344.377041
6874,344.418900
6875,344.471929
6876,344.538513
6877,344.621524
6878,344.724367
6879,344.850819
6880,345.004186
6881,345.123017
6882,345.214847
6883,345.284339
6884,345.334726
6885,345.368324
6886,345.386735
6887,345.390958
6888,345.381446
6889,345.358137
6890,345.320448
6891,345.267255
6892,345.196831
6893,345.106731
6894,344.993573
6895,344.852462
6896,344.675340
6897,344.524053
6898,344.395237
6899,344.285041
6900,344.190003
6901,344.107230
6902,344.034376
6903,343.969560
6904,343.911288
6905,343.858375
6906,343.809889
6907,343.765096
6908,343.723425
6909,343.684437
6910,343.647798
6911,343.613263
6912,343.788592
6913,343.823812
6914,343.861095
6915,343.900164
6916,343.940452
6917,343.981062
6918,344.020870
6919,344.058868
6920,344.094364
6921,344.126962
6922,344.156485
6923,344.182894
6924,344.206227
6925,344.226572
6926,344.244047
6927,344.258804
6928,344.271043
6929,344.281041
6930,344.289210
6931,344.296172
6932,344.302865
6933,344.310627
6934,344.321179
6935,344.336359
6936,344.357922
6937,344.387556
6938,344.427011
6939,344.478257
6940,344.543624
6941,344.625916
6942,344.728457
6943,344.854924
6944,345.008509
6945,345.127629
6946,345.219729
6947,345.289407
6948,345.339862
6949,345.373394
6950,345.391604
6951,345.395495
6952,345.385520
6953,345.361617
6954,345.323199
6955,345.269137
6956,345.197699
6957,345.106446
6958,344.992014
6959,344.849549
6960,344.671037
6961,344.518445
6962,344.388483
6963,344.277345
6964,344.181585
6965,344.098304
6966,344.025135
6967,343.960171
6968,343.901890
6969,343.849080
6970,343.800783
6971,343.756246
6972,343.714883
6973,343.676239
6974,343.639974
6975,343.605834
6976,343.806610
6977,343.843838
6978,343.884201
6979,343.927451
6980,343.972916
6981,344.019293
6982,344.064676
6983,344.107490
6984,344.146851
6985,344.182380
6986,344.213981
6987,344.241701
6988,344.265646
6989,344.285938
6990,344.302701
6991,344.316059
6992,344.326154
6993,344.333178
6994,344.337443
6995,344.339492
6996,344.340290
6997,344.341472
6998,344.345451
6999,344.354679
7000,344.371158
7001,344.396581
7002,344.432604
7003,344.481074
7004,344.544207
7005,344.624707
7006,344.725811
7007,344.851122
7008,345.003767
7009,345.122119
7010,345.213562
7011,345.282656
7012,345.332577
7013,345.365614
7014,345.383360
7015,345.386813
7016,345.376425
7017,345.352131
7018,345.313341
7019,345.258924
7020,345.187146
7021,345.095569
7022,344.980832
7023,344.838091
7024,344.659341
7025,344.506574
7026,344.376513
7027,344.265361
7028,344.169672
7029,344.086542
7030,344.013596
7031,343.948916
7032,343.890966
7033,343.838525
7034,343.790626
7035,343.746507
7036,343.705575
7037,343.667370
7038,343.631547
7039,343.597851
7040,343.825824
7041,343.865402
7042,343.909544
7043,343.958194
7044,344.010759
7045,344.065468
7046,344.118679
7047,344.167833
7048,344.211998
7049,344.251012
7050,344.285006
7051,344.314198
7052,344.338803
7053,344.359003
7054,344.374928
7055,344.386663
7056,344.394259
7057,344.397761
7058,344.397272
7059,344.393085
7060,344.385978
7061,344.377841
7062,344.372597
7063,344.373839
7064,344.383742
7065,344.403796
7066,344.435388
7067,344.480131
7068,344.540057
7069,344.617737
7070,344.716317
7071,344.839349
7072,344.989936
7073,345.106497
7074,345.196381
7075,345.264135
7076,345.312931
7077,345.345044
7078,345.362059
7079,345.364966
7080,345.354210
7081,345.329723
7082,345.290914
7083,345.236650
7084,345.165196
7085,345.074110
7086,344.960016
7087,344.818049
7088,344.640185
7089,344.488347
7090,344.359219
7091,344.248974
7092,344.154151
7093,344.071839
7094,343.999662
7095,343.935705
7096,343.878439
7097,343.826646
7098,343.779363
7099,343.735832
7100,343.695461
7101,343.657794
7102,343.622488
7103,343.589288
7104,343.845563
7105,343.887754
7106,343.936293
7107,343.991615
7108,344.053798
7109,344.121228
7110,344.185725
7111,344.242995
7112,344.292842
7113,344.335787
7114,344.372399
7115,344.403163
7116,344.428450
7117,344.448514
7118,344.463498
7119,344.473435
7120,344.478256
7121,344.477796
7122,344.471816
7123,344.460072
7124,344.442569
7125,344.420650
7126,344.402268
7127,344.393170
7128,344.395049
7129,344.408698
7130,344.434976
7131,344.475125
7132,344.530922
7133,344.604773
7134,344.699733
7135,344.819327
7136,344.966699
7137,345.080403
7138,345.167790
7139,345.233425
7140,345.280484
7141,345.311235
7142,345.327248
7143,345.329497
7144,345.318416
7145,345.293932
7146,345.255458
7147,345.201863
7148,345.131415
7149,345.041663
7150,344.929204
7151,344.789119
7152,344.613329
7153,344.463586
7154,344.336472
7155,344.228092
7156,344.134954
7157,344.054141
7158,343.983290
7159,343.920505
7160,343.864280
7161,343.813416
7162,343.766971
7163,343.724200
7164,343.684525
7165,343.647499
7166,343.612784
7167,343.580133
7168,343.864952
7169,343.909825
7170,343.963004
7171,344.025716
7172,344.099844
7173,344.188500
7174,344.269818
7175,344.336533
7176,344.392448
7177,344.439456
7178,344.478730
7179,344.511068
7180,344.537009
7181,344.556891
7182,344.570864
7183,344.578906
7184,344.580816
7185,344.576188
7186,344.564362
7187,344.544286
7188,344.514107
7189,344.469704
7190,344.432421
7191,344.411077
7192,344.404024
7193,344.410604
7194,344.430911
7195,344.465726
7196,344.516528
7197,344.585530
7198,344.675699
7199,344.790579
7200,344.933430
7201,345.043080
7202,345.126932
7203,345.189603
7204,345.234280
7205,345.263213
7206,345.277944
7207,345.279419
7208,345.268056
7209,345.243775
7210,345.205996
7211,345.153604
7212,345.084883
7213,344.997379
7214,344.887655
7215,344.750709
7216,344.578350
7217,344.432024
7218,344.308126
7219,344.202651
7220,344.112064
7221,344.033456
7222,343.964497
7223,343.903335
7224,343.848505
7225,343.798851
7226,343.753462
7227,343.711623
7228,343.672775
7229,343.636489
7230,343.602441
7231,343.570391
7232,343.883035
7233,343.930386
7234,343.987764
7235,344.056830
7236,344.140029
7237,344.240524
7238,344.332412
7239,344.406773
7240,344.468038
7241,344.518727
7242,344.560424
7243,344.594178
7244,344.620675
7245,344.640319
7246,344.653272
7247,344.659458
7248,344.658557
7249,344.649958
7250,344.632670
7251,344.605128
7252,344.564752
7253,344.506943
7254,344.456731
7255,344.424886
7256,344.409336
7257,344.408771
7258,344.422749
7259,344.451645
7260,344.496633
7261,344.559720
7262,344.643781
7263,344.752424
7264,344.889165
7265,344.993314
7266,345.072423
7267,345.131186
7268,345.172784
7269,345.199424
7270,345.212587
7271,345.213172
7272,345.201569
7273,345.177691
7274,345.140975
7275,345.090344
7276,345.024122
7277,344.939887
7278,344.834183
7279,344.701899
7280,344.534638
7281,344.393335
7282,344.274058
7283,344.172648
7284,344.085539
7285,344.009865
7286,343.943366
7287,343.884268
7288,343.831179
7289,343.783003
7290,343.738880
7291,343.698134
7292,343.660240
7293,343.624792
7294,343.591481
7295,343.560083
7296,343.898969
7297,343.948423
7298,344.009248
7299,344.083257
7300,344.172920
7301,344.280934
7302,344.379862
7303,344.459933
7304,344.525509
7305,344.579288
7306,344.623052
7307,344.658003
7308,344.684925
7309,344.704272
7310,344.716208
7311,344.720615
7312,344.717081
7313,344.704849
7314,344.682728
7315,344.648912
7316,344.600638
7317,344.533490
7318,344.473775
7319,344.433301
7320,344.410116
7321,344.402671
7322,344.410192
7323,344.432720
7324,344.471121
7325,344.527152
7326,344.603547
7327,344.704004
7328,344.832514
7329,344.929294
7330,345.002201
7331,345.055992
7332,345.093775
7333,345.117637
7334,345.128952
7335,345.128537
7336,345.116736
7337,345.093458
7338,345.058172
7339,345.009869
7340,344.946968
7341,344.867148
7342,344.767008
7343,344.641345
7344,344.481411
7345,344.347199
7346,344.234238
7347,344.138198
7348,344.055549
7349,343.983544
7350,343.920059
7351,343.863445
7352,343.812416
7353,343.765966
7354,343.723300
7355,343.683797
7356,343.646972
7357,343.612448
7358,343.579942
7359,343.549242
7360,343.912122
7361,343.963247
7362,344.026732
7363,344.104405
7364,344.198620
7365,344.311695
7366,344.415456
7367,344.499669
7368,344.568534
7369,344.624749
7370,344.670163
7371,344.706047
7372,344.733243
7373,344.752231
7374,344.763172
7375,344.765917
7376,344.759989
7377,344.744542
7378,344.718277
7379,344.679299
7380,344.624835
7381,344.550633
7382,344.483549
7383,344.435943
7384,344.406006
7385,344.392087
7386,344.393176
7387,344.409011
7388,344.440113
7389,344.487879
7390,344.554738
7391,344.644346
7392,344.761441
7393,344.848301
7394,344.913242
7395,344.960904
7396,344.994129
7397,345.014757
7398,345.023970
7399,345.022459
7400,345.010506
7401,344.988012
7402,344.954499
7403,344.909070
7404,344.850320
7405,344.776161
7406,344.683440
7407,344.567056
7408,344.417768
7409,344.293465
7410,344.188871
7411,344.099627
7412,344.022429
7413,343.954791
7414,343.894824
7415,343.841067
7416,343.792380
7417,343.747869
7418,343.706828
7419,343.668697
7420,343.633041
7421,343.599519
7422,343.567875
7423,343.537916
7424,343.922079
7425,343.974451
7426,344.039889
7427,344.120186
7428,344.217572
7429,344.334109
7430,344.441205
7431,344.528357
7432,344.599625
7433,344.657654
7434,344.704293
7435,344.740837
7436,344.768148
7437,344.786718
7438,344.796702
7439,344.797925
7440,344.789869
7441,344.771637
7442,344.741878
7443,344.698670
7444,344.639269
7445,344.559504
7446,344.486501
7447,344.432919
7448,344.397026
7449,344.377089
7450,344.371893
7451,344.380862
7452,344.404102
7453,344.442457
7454,344.497661
7455,344.572680
7456,344.672596
7457,344.745975
7458,344.800963
7459,344.841367
7460,344.869378
7461,344.886390
7462,344.893301
7463,344.890628
7464,344.878569
7465,344.857020
7466,344.825574
7467,344.783492
7468,344.729642
7469,344.662361
7470,344.579139
7471,344.475702
7472,344.342995
7473,344.232535
7474,344.138641
7475,344.057595
7476,343.986730
7477,343.924046
7478,343.868005
7479,343.817401
7480,343.771279
7481,343.728879
7482,343.689593
7483,343.652939
7484,343.618534
7485,343.586079
7486,343.555345
7487,343.526162
7488,343.928600
7489,343.981829
7490,344.048618
7491,344.130716
7492,344.230252
7493,344.349123
7494,344.458476
7495,344.547644
7496,344.620581
7497,344.679872
7498,344.727342
7499,344.764283
7500,344.791558
7501,344.809658
7502,344.818729
7503,344.818578
7504,344.808661
7505,344.788051
7506,344.755373
7507,344.708701
7508,344.645311
7509,344.561056
7510,344.483201
7511,344.424564
7512,344.383428
7513,344.357967
7514,344.346764
7515,344.348919
7516,344.364055
7517,344.392271
7518,344.434047
7519,344.489892
7520,344.558886
7521,344.614514
7522,344.657850
7523,344.690166
7524,344.712503
7525,344.725640
7526,344.730116
7527,344.726246
7528,344.714129
7529,344.693658
7530,344.664508
7531,344.626132
7532,344.577736
7533,344.518252
7534,344.446294
7535,344.360137
7536,344.258032
7537,344.166224
7538,344.085042
7539,344.013198
7540,343.949243
7541,343.891885
7542,343.840029
7543,343.792769
7544,343.749358
7545,343.709183
7546,343.671747
7547,343.636645
7548,343.603552
7549,343.572212
7550,343.542428
7551,343.514049
7552,343.931564
7553,343.985301
7554,344.052935
7555,344.136177
7556,344.237085
7557,344.357448
7558,344.468246
7559,344.558707
7560,344.632711
7561,344.692791
7562,344.740740
7563,344.777836
7564,344.804936
7565,344.822521
7566,344.830730
7567,344.829353
7568,344.817830
7569,344.795214
7570,344.760119
7571,344.710616
7572,344.643989
7573,344.556080
7574,344.474217
7575,344.411299
7576,344.365585
7577,344.335145
7578,344.318367
7579,344.314049
7580,344.321352
7581,344.339676
7582,344.368383
7583,344.406149
7584,344.449331
7585,344.488166
7586,344.520009
7587,344.544246
7588,344.560898
7589,344.570159
7590,344.572214
7591,344.567178
7592,344.555055
7593,344.535731
7594,344.508968
7595,344.474407
7596,344.431591
7597,344.380023
7598,344.319323
7599,344.249667
7600,344.173173
7601,344.099120
7602,344.030525
7603,343.967913
7604,343.910935
7605,343.858972
7606,343.811371
7607,343.767521
7608,343.726882
7609,343.688990
7610,343.653453
7611,343.619946
7612,343.588204
7613,343.558012
7614,343.529204
7615,343.501651
7616,343.930927
7617,343.984856
7618,344.052903
7619,344.136752
7620,344.238413
7621,344.359608
7622,344.471213
7623,344.562387
7624,344.636959
7625,344.697422
7626,344.745541
7627,344.782578
7628,344.809377
7629,344.826414
7630,344.833812
7631,344.831353
7632,344.818462
7633,344.794179
7634,344.757110
7635,344.705318
7636,344.636082
7637,344.545212
7638,344.460059
7639,344.393553
7640,344.343908
7641,344.309091
7642,344.287320
7643,344.277141
7644,344.277365
7645,344.286917
7646,344.304574
7647,344.328523
7648,344.355717
7649,344.381608
7650,344.403667
7651,344.420684
7652,344.432134
7653,344.437808
7654,344.437626
7655,344.431534
7656,344.419457
7657,344.401278
7658,344.376830
7659,344.345912
7660,344.308325
7661,344.263965
7662,344.212995
7663,344.156196
7664,344.095602
7665,344.035212
7666,343.977408
7667,343.923184
7668,343.872757
7669,343.825969
7670,343.782508
7671,343.742011
7672,343.704121
7673,343.668507
7674,343.634877
7675,343.602980
7676,343.572605
7677,343.543578
7678,343.515761
7679,343.489048
7680,343.926683
7681,343.980513
7682,344.048594
7683,344.132594
7684,344.234495
7685,344.355978
7686,344.467862
7687,344.559264
7688,344.633979
7689,344.694471
7690,344.742487
7691,344.779273
7692,344.805663
7693,344.822122
7694,344.828766
7695,344.825365
7696,344.811332
7697,344.785696
7698,344.747052
7699,344.693453
7700,344.622161
7701,344.528944
7702,344.441148
7703,344.371706
7704,344.318778
7705,344.280239
7706,344.254168
7707,344.238930
7708,344.233105
7709,344.235361
7710,344.244266
7711,344.258050
7712,344.274419
7713,344.290719
7714,344.304985
7715,344.315974
7716,344.322952
7717,344.325498
7718,344.323358
7719,344.316367
7720,344.304392
7721,344.287313
7722,344.265015
7723,344.237404
7724,344.204450
7725,344.166256
7726,344.123192
7727,344.076077
7728,344.026382
7729,343.976189
7730,343.927105
7731,343.880064
7732,343.835481
7733,343.793444
7734,343.753865
7735,343.716563
7736,343.681326
7737,343.647935
7738,343.616182
7739,343.585881
7740,343.556869
7741,343.529009
7742,343.502190
7743,343.476323
7744,343.918838
7745,343.972295
7746,344.040065
7747,344.123810
7748,344.225497
7749,344.346792
7750,344.458495
7751,344.549698
7752,344.624177
7753,344.684382
7754,344.732047
7755,344.768409
7756,344.794292
7757,344.810154
7758,344.816102
7759,344.811896
7760,344.796940
7761,344.770251
7762,344.730409
7763,344.675452
7764,344.602619
7765,344.507629
7766,344.417805
7767,344.346065
7768,344.290513
7769,344.248943
7770,344.219332
7771,344.199923
7772,344.189163
7773,344.185610
7774,344.187801
7775,344.194138
7776,344.202843
7777,344.212089
7778,344.220355
7779,344.226530
7780,344.229846
7781,344.229793
7782,344.226032
7783,344.218326
7784,344.206510
7785,344.190459
7786,344.170094
7787,344.145385
7788,344.116388
7789,344.083293
7790,344.046502
7791,344.006705
7792,343.964928
7793,343.922414
7794,343.880246
7795,343.839175
7796,343.799637
7797,343.761827
7798,343.725785
7799,343.691453
7800,343.658721
7801,343.627456
7802,343.597520
7803,343.568778
7804,343.541109
7805,343.514406
7806,343.488581
7807,343.463561
7808,343.907399
7809,343.960217
7810,344.027346
7811,344.110449
7812,344.211498
7813,344.332162
7814,344.443252
7815,344.533856
7816,344.607745
7817,344.667364
7818,344.714446
7819,344.750220
7820,344.775508
7821,344.790758
7822,344.796072
7823,344.791201
7824,344.775539
7825,344.748092
7826,344.707424
7827,344.651550
7828,344.577680
7829,344.481482
7830,344.390242
7831,344.316847
7832,344.259344
7833,344.215459
7834,344.183096
7835,344.160419
7836,344.145812
7837,344.137798
7838,344.134957
7839,344.135859
7840,344.139051
7841,344.143132
7842,344.146885
7843,344.149343
7844,344.149780
7845,344.147669
7846,344.142634
7847,344.134409
7848,344.122808
7849,344.107707
7850,344.089044
7851,344.066823
7852,344.041133
7853,344.012184
7854,343.980337
7855,343.946139
7856,343.910314
7857,343.873677
7858,343.836978
7859,343.800801
7860,343.765536
7861,343.731410
7862,343.698526
7863,343.666898
7864,343.636489
7865,343.607227
7866,343.579024
7867,343.551789
7868,343.525430
7869,343.499866
7870,343.475025
7871,343.450846
7872,343.892370
7873,343.944280
7874,344.010434
7875,344.092506
7876,344.192487
7877,344.312072
7878,344.422118
7879,344.511722
7880,344.584665
7881,344.643403
7882,344.689671
7883,344.724699
7884,344.749306
7885,344.763935
7886,344.768681
7887,344.763289
7888,344.747145
7889,344.719242
7890,344.678129
7891,344.621793
7892,344.547405
7893,344.450581
7894,344.358559
7895,344.284175
7896,344.225416
7897,344.179950
7898,344.145624
7899,344.120561
7900,344.103117
7901,344.091823
7902,344.085321
7903,344.082315
7904,344.081565
7905,344.081918
7906,344.082358
7907,344.082044
7908,344.080311
7909,344.076650
7910,344.070681
7911,344.062128
7912,344.050798
7913,344.036570
7914,344.019390
7915,343.999271
7916,343.976312
7917,343.950706
7918,343.922758
7919,343.892894
7920,343.861637
7921,343.829559
7922,343.797201
7923,343.765013
7924,343.733327
7925,343.702366
7926,343.672258
7927,343.643060
7928,343.614776
7929,343.587377
7930,343.560812
7931,343.535020
7932,343.509932
7933,343.485484
7934,343.461612
7935,343.438266
7936,343.873744
7937,343.924470
7938,343.989296
7939,344.069916
7940,344.168361
7941,344.286385
7942,344.394917
7943,344.483087
7944,344.554706
7945,344.612251
7946,344.657467
7947,344.691589
7948,344.715430
7949,344.729430
7950,344.733680
7951,344.727919
7952,344.711528
7953,344.683491
7954,344.642338
7955,344.586031
7956,344.511690
7957,344.414867
7958,344.322742
7959,344.248081
7960,344.188796
7961,344.142498
7962,344.106995
7963,344.080387
7964,344.061031
7965,344.047483
7966,344.038448
7967,344.032736
7968,344.029252
7969,344.026997
7970,344.025097
7971,344.022810
7972,344.019530
7973,344.014780
7974,344.008191
7975,343.999492
7976,343.988491
7977,343.975068
7978,343.959172
7979,343.940818
7980,343.920097
7981,343.897176
7982,343.872308
7983,343.845824
7984,343.818117
7985,343.789609
7986,343.760706
7987,343.731759
7988,343.703050
7989,343.674782
7990,343.647089
7991,343.620047
7992,343.593688
7993,343.568008
7994,343.542980
7995,343.518564
7996,343.494705
7997,343.471348
7998,343.448434
7999,343.425910
8000,343.851522
8001,343.900768
8002,343.963873
8003,344.042561
8004,344.138923
8005,344.254819
8006,344.361288
8007,344.447522
8008,344.517388
8009,344.573398
8010,344.617309
8011,344.650354
8012,344.673342
8013,344.686707
8014,344.690536
8015,344.684568
8016,344.668182
8017,344.640358
8018,344.599617
8019,344.543889
8020,344.470240
8021,344.374128
8022,344.282667
8023,344.208517
8024,344.149489
8025,344.103133
8026,344.067232
8027,344.039883
8028,344.019460
8029,344.004558
8030,343.993940
8031,343.986502
8032,343.981248
8033,343.977291
8034,343.973852
8035,343.970266
8036,343.965981
8037,343.960553
8038,343.953631
8039,343.944955
8040,343.934337
8041,343.921662
8042,343.906878
8043,343.889999
8044,343.871102
8045,343.850330
8046,343.827891
8047,343.804050
8048,343.779114
8049,343.753409
8050,343.727253
8051,343.700931
8052,343.674680
8053,343.648684
8054,343.623073
8055,343.597930
8056,343.573300
8057,343.549195
8058,343.525604
8059,343.502498
8060,343.479830
8061,343.457547
8062,343.435585
8063,343.413878
8064,343.825726
8065,343.873170
8066,343.934107
8067,344.010282
8068,344.103868
8069,344.216912
8070,344.320613
8071,344.404288
8072,344.471898
8073,344.525986
8074,344.568312
8075,344.600097
8076,344.622138
8077,344.634863
8078,344.638352
8079,344.632348
8080,344.616235
8081,344.589006
8082,344.549183
8083,344.494682
8084,344.422508
8085,344.327970
8086,344.238100
8087,344.165376
8088,344.107462
8089,344.061856
8090,344.026334
8091,343.999014
8092,343.978305
8093,343.962850
8094,343.951470
8095,343.943130
8096,343.936912
8097,343.932006
8098,343.927703
8099,343.923398
8100,343.918582
8101,343.912840
8102,343.905845
8103,343.897347
8104,343.887167
8105,343.875193
8106,343.861374
8107,343.845720
8108,343.828298
8109,343.809230
8110,343.788692
8111,343.766905
8112,343.744119
8113,343.720602
8114,343.696615
8115,343.672399
8116,343.648159
8117,343.624060
8118,343.600227
8119,343.576742
8120,343.553656
8121,343.530990
8122,343.508740
8123,343.486883
8124,343.465377
8125,343.444163
8126,343.423165
8127,343.402287
8128,343.796416
8129,343.841711
8130,343.899966
8131,343.972918
8132,344.062790
8133,344.171893
8134,344.271808
8135,344.352106
8136,344.416848
8137,344.468570
8138,344.509000
8139,344.539326
8140,344.560320
8141,344.572394
8142,344.575625
8143,344.569763
8144,344.554212
8145,344.527993
8146,344.489662
8147,344.437164
8148,344.367485
8149,344.275742
8150,344.188709
8151,344.118524
8152,344.062682
8153,344.018667
8154,343.984299
8155,343.957748
8156,343.937482
8157,343.922202
8158,343.910790
8159,343.902270
8160,343.895785
8161,343.890581
8162,343.886002
8163,343.881486
8164,343.876560
8165,343.870834
8166,343.864001
8167,343.855824
8168,343.846134
8169,343.834823
8170,343.821842
8171,343.807198
8172,343.790949
8173,343.773206
8174,343.754125
8175,343.733898
8176,343.712746
8177,343.690901
8178,343.668593
8179,343.646034
8180,343.623411
8181,343.600874
8182,343.578541
8183,343.556491
8184,343.534777
8185,343.513420
8186,343.492422
8187,343.471761
8188,343.451397
8189,343.431268
8190,343.411283
8191,343.391296
8192,343.479211
8193,343.495173
8194,343.510182
8195,343.524107
8196,343.536865
8197,343.548405
8198,343.558701
8199,343.567745
8200,343.575549
8201,343.582140
8202,343.587564
8203,343.591883
8204,343.595179
8205,343.597549
8206,343.599112
8207,343.600000
8208,343.600357
8209,343.600332
8210,343.600067
8211,343.599694
8212,343.599325
8213,343.599055
8214,343.598955
8215,343.599080
8216,343.599463
8217,343.600123
8218,343.601062
8219,343.602266
8220,343.603710
8221,343.605353
8222,343.607146
8223,343.609024
8224,343.610916
8225,343.612737
8226,343.614397
8227,343.615796
8228,343.616832
8229,343.617398
8230,343.617390
8231,343.616707
8232,343.615254
8233,343.612945
8234,343.609707
8235,343.605481
8236,343.600219
8237,343.593895
8238,343.586494
8239,343.578019
8240,343.568489
8241,343.557940
8242,343.546418
8243,343.533985
8244,343.520710
8245,343.506673
8246,343.491956
8247,343.476643
8248,343.460817
8249,343.444554
8250,343.427926
8251,343.410992
8252,343.393804
8253,343.376396
8254,343.358789
8255,343.340985
8256,343.502497
8257,343.519516
8258,343.535450
8259,343.550201
8260,343.563699
8261,343.575898
8262,343.586774
8263,343.596322
8264,343.604553
8265,343.611498
8266,343.617204
8267,343.621737
8268,343.625182
8269,343.627643
8270,343.629244
8271,343.630128
8272,343.630451
8273,343.630373
8274,343.630050
8275,343.629623
8276,343.629211
8277,343.628913
8278,343.628806
8279,343.628944
8280,343.629364
8281,343.630083
8282,343.631103
8283,343.632410
8284,343.633976
8285,343.635760
8286,343.637706
8287,343.639750
8288,343.641812
8289,343.643805
8290,343.645632
8291,343.647186
8292,343.648357
8293,343.649032
8294,343.649098
8295,343.648445
8296,343.646973
8297,343.644590
8298,343.641216
8299,343.636788
8300,343.631257
8301,343.624592
8302,343.616779
8303,343.607821
8304,343.597740
8305,343.586573
8306,343.574371
8307,343.561199
8308,343.547135
8309,343.532263
8310,343.516672
8311,343.500454
8312,343.483698
8313,343.466486
8314,343.448896
8315,343.430992
8316,343.412830
8317,343.394448
8318,343.375874
8319,343.357120
8320,343.525499
8321,343.543629
8322,343.560537
8323,343.576150
8324,343.590411
8325,343.603282
8326,343.614743
8327,343.624792
8328,343.633443
8329,343.640729
8330,343.646700
8331,343.651422
8332,343.654983
8333,343.657495
8334,343.659087
8335,343.659914
8336,343.660147
8337,343.659967
8338,343.659544
8339,343.659031
8340,343.658556
8341,343.658221
8342,343.658106
8343,343.658266
8344,343.658739
8345,343.659542
8346,343.660675
8347,343.662123
8348,343.663855
8349,343.665829
8350,343.667987
8351,343.670258
8352,343.672560
8353,343.674799
8354,343.676870
8355,343.678659
8356,343.680048
8357,343.680913
8358,343.681130
8359,343.680582
8360,343.679156
8361,343.676755
8362,343.673292
8363,343.668697
8364,343.662920
8365,343.655927
8366,343.647702
8367,343.638252
8368,343.627597
8369,343.615780
8370,343.602856
8371,343.588899
8372,343.573991
8373,343.558228
8374,343.541706
8375,343.524528
8376,343.506790
8377,343.488585
8378,343.469995
8379,343.451092
8380,343.431936
8381,343.412572
8382,343.393033
8383,343.373339
8384,343.548197
8385,343.567451
8386,343.585354
8387,343.601847
8388,343.616883
8389,343.630431
8390,343.642479
8391,343.653027
8392,343.662092
8393,343.669709
8394,343.675927
8395,343.680817
8396,343.684469
8397,343.686997
8398,343.688539
8399,343.689261
8400,343.689354
8401,343.689025
8402,343.688467
8403,343.687843
8404,343.687291
8405,343.686915
8406,343.686797
8407,343.686994
8408,343.687540
8409,343.688454
8410,343.689733
8411,343.691361
8412,343.693307
8413,343.695523
8414,343.697950
8415,343.700513
8416,343.703125
8417,343.705686
8418,343.708082
8419,343.710192
8420,343.711884
8421,343.713024
8422,343.713475
8423,343.713106
8424,343.711796
8425,343.709436
8426,343.705931
8427,343.701208
8428,343.695209
8429,343.687900
8430,343.679265
8431,343.669309
8432,343.658059
8433,343.645558
8434,343.631870
8435,343.617076
8436,343.601269
8437,343.584553
8438,343.567041
8439,343.548844
8440,343.530071
8441,343.510825
8442,343.491196
8443,343.471264
8444,343.451093
8445,343.430735
8446,343.410227
8447,343.389594
8448,343.570469
8449,343.590838
8450,343.609735
8451,343.627108
8452,343.642920
8453,343.657147
8454,343.669779
8455,343.680822
8456,343.690296
8457,343.698235
8458,343.704692
8459,343.709737
8460,343.713462
8461,343.715983
8462,343.717445
8463,343.718026
8464,343.717938
8465,343.717427
8466,343.716710
8467,343.715964
8468,343.715330
8469,343.714919
8470,343.714811
8471,343.715062
8472,343.715708
8473,343.716762
8474,343.718224
8475,343.720074
8476,343.722280
8477,343.724791
8478,343.727546
8479,343.730467
8480,343.733461
8481,343.736420
8482,343.739225
8483,343.741742
8484,343.743827
8485,343.745330
8486,343.746100
8487,343.745991
8488,343.744868
8489,343.742609
8490,343.739113
8491,343.734298
8492,343.728103
8493,343.720491
8494,343.711445
8495,343.700973
8496,343.689103
8497,343.675884
8498,343.661388
8499,343.645703
8500,343.628937
8501,343.611208
8502,343.592641
8503,343.573364
8504,343.553501
8505,343.533165
8506,343.512458
8507,343.491465
8508,343.470257
8509,343.448891
8510,343.427408
8511,343.405834
8512,343.592090
8513,343.613548
8514,343.633421
8515,343.651662
8516,343.668240
8517,343.683138
8518,343.696349
8519,343.707883
8520,343.717760
8521,343.726019
8522,343.732711
8523,343.737908
8524,343.741702
8525,343.744211
8526,343.745585
8527,343.746010
8528,343.745721
8529,343.745017
8530,343.744139
8531,343.743276
8532,343.742574
8533,343.742145
8534,343.742068
8535,343.742400
8536,343.743175
8537,343.744405
8538,343.746087
8539,343.748202
8540,343.750715
8541,343.753575
8542,343.756716
8543,343.760058
8544,343.763504
8545,343.766941
8546,343.770238
8547,343.773250
8548,343.775819
8549,343.777777
8550,343.778954
8551,343.779186
8552,343.778321
8553,343.776226
8554,343.772788
8555,343.767918
8556,343.761552
8557,343.753650
8558,343.744195
8559,343.733195
8560,343.720681
8561,343.706709
8562,343.691359
8563,343.674730
8564,343.656943
8565,343.638134
8566,343.618447
8567,343.598029
8568,343.577020
8569,343.555546
8570,343.533720
8571,343.511636
8572,343.489371
8573,343.466984
8574,343.444519
8575,343.422005
8576,343.612727
8577,343.635231
8578,343.656046
8579,343.675130
8580,343.692456
8581,343.708010
8582,343.721791
8583,343.733810
8584,343.744091
8585,343.752671
8586,343.759603
8587,343.764961
8588,343.768835
8589,343.771348
8590,343.772653
8591,343.772947
8592,343.772486
8593,343.771618
8594,343.770608
8595,343.769656
8596,343.768915
8597,343.768497
8598,343.768484
8599,343.768930
8600,343.769868
8601,343.771312
8602,343.773255
8603,343.775679
8604,343.778545
8605,343.781804
8606,343.785388
8607,343.789213
8608,343.793179
8609,343.797167
8610,343.801037
8611,343.804633
8612,343.807777
8613,343.810283
8614,343.811957
8615,343.812612
8616,343.812077
8617,343.810206
8618,343.806874
8619,343.801987
8620,343.795474
8621,343.787294
8622,343.777429
8623,343.765890
8624,343.752711
8625,343.737953
8626,343.721704
8627,343.704076
8628,343.685206
8629,343.665251
8630,343.644378
8631,343.622755
8632,343.600544
8633,343.577886
8634,343.554905
8635,343.531703
8636,343.508362
8637,343.484945
8638,343.461495
8639,343.438042
8640,343.632080
8641,343.655571
8642,343.677282
8643,343.697173
8644,343.715219
8645,343.731411
8646,343.745750
8647,343.758248
8648,343.768933
8649,343.777841
8650,343.785028
8651,343.790565
8652,343.794548
8653,343.797099
8654,343.798379
8655,343.798597
8656,343.798029
8657,343.797058
8658,343.795969
8659,343.794977
8660,343.794242
8661,343.793878
8662,343.793970
8663,343.794571
8664,343.795714
8665,343.797411
8666,343.799657
8667,343.802431
8668,343.805696
8669,343.809401
8670,343.813479
8671,343.817844
8672,343.822392
8673,343.827000
8674,343.831521
8675,343.835783
8676,343.839593
8677,343.842738
8678,343.844996
8679,343.846153
8680,343.846019
8681,343.844427
8682,343.841247
8683,343.836374
8684,343.829737
8685,343.821291
8686,343.811018
8687,343.798931
8688,343.785067
8689,343.769492
8690,343.752303
8691,343.733624
8692,343.713611
8693,343.692443
8694,343.670318
8695,343.647432
8696,343.623968
8697,343.600085
8698,343.575919
8699,343.551578
8700,343.527148
8701,343.502694
8702,343.478261
8703,343.453877
8704,343.649929
8705,343.674337
8706,343.696887
8707,343.717539
8708,343.736273
8709,343.753079
8710,343.767960
8711,343.780933
8712,343.792024
8713,343.801273
8714,343.808734
8715,343.814480
8716,343.818610
8717,343.821250
8718,343.822566
8719,343.822779
8720,343.822184
8721,343.821186
8722,343.820090
8723,343.819123
8724,343.818452
8725,343.818196
8726,343.818442
8727,343.819245
8728,343.820636
8729,343.822629
8730,343.825218
8731,343.828383
8732,343.832089
8733,343.836283
8734,343.840899
8735,343.845851
8736,343.851035
8737,343.856322
8738,343.861560
8739,343.866564
8740,343.871122
8741,343.874992
8742,343.877917
8743,343.879650
8744,343.879975
8745,343.878714
8746,343.875722
8747,343.870893
8748,343.864150
8749,343.855448
8750,343.844770
8751,343.832129
8752,343.817565
8753,343.801149
8754,343.782985
8755,343.763211
8756,343.742000
8757,343.719559
8758,343.696122
8759,343.671919
8760,343.647160
8761,343.622022
8762,343.596649
8763,343.571157
8764,343.545634
8765,343.520145
8766,343.494735
8767,343.469431
8768,343.666112
8769,343.691359
8770,343.714683
8771,343.736046
8772,343.755428
8773,343.772820
8774,343.788229
8775,343.801670
8776,343.813173
8777,343.822777
8778,343.830538
8779,343.836532
8780,343.840856
8781,343.843644
8782,343.845067
8783,343.845356
8784,343.844821
8785,343.843882
8786,343.842859
8787,343.841991
8788,343.841452
8789,343.841366
8790,343.841822
8791,343.842877
8792,343.844563
8793,343.846894
8794,343.849866
8795,343.853460
8796,343.857641
8797,343.862359
8798,343.867549
8799,343.873126
8800,343.878985
8801,343.884997
8802,343.891002
8803,343.896808
8804,343.902182
8805,343.906851
8806,343.910513
8807,343.912880
8808,343.913712
8809,343.912817
8810,343.910042
8811,343.905276
8812,343.898443
8813,343.889494
8814,343.878415
8815,343.865218
8816,343.849946
8817,343.832676
8818,343.813515
8819,343.792614
8820,343.770162
8821,343.746398
8822,343.721601
8823,343.696044
8824,343.669964
8825,343.643553
8826,343.616967
8827,343.590323
8828,343.563713
8829,343.537200
8830,343.510828
8831,343.484621
8832,343.680516
8833,343.706516
8834,343.730544
8835,343.752561
8836,343.772547
8837,343.790496
8838,343.806414
8839,343.820319
8840,343.832240
8841,343.842218
8842,343.850310
8843,343.856592
8844,343.861166
8845,343.864167
8846,343.865773
8847,343.866223
8848,343.865837
8849,343.865047
8850,343.864185
8851,343.863496
8852,343.863163
8853,343.863314
8854,343.864039
8855,343.865399
8856,343.867427
8857,343.870139
8858,343.873531
8859,343.877586
8860,343.882272
8861,343.887541
8862,343.893329
8863,343.899554
8864,343.906112
8865,343.912872
8866,343.919673
8867,343.926313
8868,343.932545
8869,343.938064
8870,343.942507
8871,343.945542
8872,343.946906
8873,343.946394
8874,343.943850
8875,343.939159
8876,343.932243
8877,343.923054
8878,343.911579
8879,343.897831
8880,343.881855
8881,343.863730
8882,343.843569
8883,343.821531
8884,343.797821
8885,343.772706
8886,343.746526
8887,343.719603
8888,343.692199
8889,343.664522
8890,343.636733
8891,343.608954
8892,343.581274
8893,343.553758
8894,343.526447
8895,343.499360
8896,343.693061
8897,343.719725
8898,343.744383
8899,343.766993
8900,343.787538
8901,343.806011
8902,343.822419
8903,343.836782
8904,343.849129
8905,343.859501
8906,343.867957
8907,343.874574
8908,343.879455
8909,343.882739
8910,343.884608
8911,343.885306
8912,343.885160
8913,343.884611
8914,343.883997
8915,343.883572
8916,343.883521
8917,343.883978
8918,343.885035
8919,343.886753
8920,343.889170
8921,343.892302
8922,343.896147
8923,343.900691
8924,343.905903
8925,343.911739
8926,343.918138
8927,343.925018
8928,343.932279
8929,343.939789
8930,343.947383
8931,343.954856
8932,343.961942
8933,343.968311
8934,343.973533
8935,343.977231
8936,343.979121
8937,343.978989
8938,343.976672
8939,343.972055
8940,343.965057
8941,343.955634
8942,343.943770
8943,343.929482
8944,343.912816
8945,343.893853
8946,343.872712
8947,343.849559
8948,343.824614
8949,343.798170
8950,343.770630
8951,343.742369
8952,343.713672
8953,343.684760
8954,343.655800
8955,343.626918
8956,343.598202
8957,343.569715
8958,343.541495
8959,343.513561
8960,343.703697
8961,343.730934
8962,343.756143
8963,343.779284
8964,343.800339
8965,343.819303
8966,343.836183
8967,343.850998
8968,343.863778
8969,343.874566
8970,343.883421
8971,343.890421
8972,343.895669
8973,343.899307
8974,343.901519
8975,343.902553
8976,343.902739
8977,343.902524
8978,343.902249
8979,343.902171
8980,343.902481
8981,343.903313
8982,343.904763
8983,343.906894
8984,343.909744
8985,343.913331
8986,343.917658
8987,343.922711
8988,343.928464
8989,343.934872
8990,343.941880
8991,343.949407
8992,343.957355
8993,343.965591
8994,343.973948
8995,343.982211
8996,343.990100
8997,343.997254
8998,344.003196
8999,344.007509
9000,344.009888
9001,344.010107
9002,344.007998
9003,344.003441
9004,343.996357
9005,343.986701
9006,343.974458
9007,343.959647
9008,343.942317
9009,343.922551
9010,343.900474
9011,343.876260
9012,343.850147
9013,343.822457
9014,343.793640
9015,343.764112
9016,343.734187
9017,343.704100
9018,343.674024
9019,343.644089
9020,343.614383
9021,343.584968
9022,343.555881
9023,343.527136
9024,343.712400
9025,343.740115
9026,343.765797
9027,343.789406
9028,343.810922
9029,343.830342
9030,343.847673
9031,343.862934
9032,343.876156
9033,343.887383
9034,343.896672
9035,343.904103
9036,343.909780
9037,343.913843
9038,343.916479
9039,343.917937
9040,343.918547
9041,343.918756
9042,343.918910
9043,343.919265
9044,343.920013
9045,343.921290
9046,343.923193
9047,343.925786
9048,343.929111
9049,343.933187
9050,343.938018
9051,343.943595
9052,343.949891
9053,343.956868
9054,343.964470
9055,343.972621
9056,343.981221
9057,343.990139
9058,343.999202
9059,344.008187
9060,344.016796
9061,344.024643
9062,344.031217
9063,344.036071
9064,344.038879
9065,344.039401
9066,344.037463
9067,344.032944
9068,344.025762
9069,344.015872
9070,344.003263
9071,343.987952
9072,343.969992
9073,343.949471
9074,343.926520
9075,343.901325
9076,343.874138
9077,343.845309
9078,343.815323
9079,343.784630
9080,343.753567
9081,343.722385
9082,343.691267
9083,343.660345
9084,343.629709
9085,343.599421
9086,343.569514
9087,343.540003
9088,343.719168
9089,343.747269
9090,343.773344
9091,343.797356
9092,343.819284
9093,343.839124
9094,343.856886
9095,343.872588
9096,343.886260
9097,343.897947
9098,343.907706
9099,343.915616
9100,343.921782
9101,343.926343
9102,343.929484
9103,343.931452
9104,343.932576
9105,343.933302
9106,343.933972
9107,343.934843
9108,343.936105
9109,343.937894
9110,343.940308
9111,343.943412
9112,343.947249
9113,343.951841
9114,343.957194
9115,343.963299
9116,343.970136
9117,343.977667
9118,343.985838
9119,343.994575
9120,344.003778
9121,344.013316
9122,344.023010
9123,344.032628
9124,344.041859
9125,344.050294
9126,344.057399
9127,344.062703
9128,344.065861
9129,344.066625
9130,344.064813
9131,344.060299
9132,344.053002
9133,344.042876
9134,344.029910
9135,344.014127
9136,343.995580
9137,343.974362
9138,343.950613
9139,343.924528
9140,343.896376
9141,343.866527
9142,343.835493
9143,343.803751
9144,343.771658
9145,343.739479
9146,343.707407
9147,343.675576
9148,343.644082
9149,343.612983
9150,343.582314
9151,343.552086
9152,343.724022
9153,343.752415
9154,343.778806
9155,343.803157
9156,343.825447
9157,343.845674
9158,343.863846
9159,343.879982
9160,343.894112
9161,343.906280
9162,343.916544
9163,343.924981
9164,343.931696
9165,343.936824
9166,343.940550
9167,343.943114
9168,343.944843
9169,343.946175
9170,343.947448
9171,343.948916
9172,343.950764
9173,343.953129
9174,343.956108
9175,343.959767
9176,343.964149
9177,343.969279
9178,343.975164
9179,343.981799
9180,343.989164
9181,343.997225
9182,344.005929
9183,344.015204
9184,344.024950
9185,344.035032
9186,344.045270
9187,344.055421
9188,344.065165
9189,344.074076
9190,344.081602
9191,344.087255
9192,344.090678
9193,344.091612
9194,344.089869
9195,344.085322
9196,344.077887
9197,344.067520
9198,344.054211
9199,344.037984
9200,344.018897
9201,343.997048
9202,343.972583
9203,343.945707
9204,343.916703
9205,343.885958
9206,343.854005
9207,343.821339
9208,343.788334
9209,343.755267
9210,343.722339
9211,343.689690
9212,343.657417
9213,343.625579
9214,343.594209
9215,343.563319
9216,343.727009
9217,343.755604
9218,343.782234
9219,343.806861
9220,343.829466
9221,343.850045
9222,343.868606
9223,343.885169
9224,343.899763
9225,343.912432
9226,343.923233
9227,343.932244
9228,343.939564
9229,343.945330
9230,343.949717
9231,343.952963
9232,343.955384
9233,343.957410
9234,343.959371
9235,343.961512
9236,343.964017
9237,343.967018
9238,343.970611
9239,343.974863
9240,343.979819
9241,343.985502
9242,343.991925
9243,343.999083
9244,344.006958
9245,344.015517
9246,344.024710
9247,344.034466
9248,344.044683
9249,344.055227
9250,344.065911
9251,344.076490
9252,344.086632
9253,344.095902
9254,344.103735
9255,344.109631
9256,344.113225
9257,344.114250
9258,344.112516
9259,344.107892
9260,344.100293
9261,344.089677
9262,344.076036
9263,344.059396
9264,344.039818
9265,344.017406
9266,343.992312
9267,343.964748
9268,343.935009
9269,343.903495
9270,343.870752
9271,343.837290
9272,343.803497
9273,343.769659
9274,343.735981
9275,343.702610
9276,343.669644
9277,343.637143
9278,343.605141
9279,343.573648
9280,343.728201
9281,343.756912
9282,343.783708
9283,343.808552
9284,343.831425
9285,343.852323
9286,343.871253
9287,343.888234
9288,343.903298
9289,343.916485
9290,343.927854
9291,343.937479
9292,343.945460
9293,343.951928
9294,343.957052
9295,343.961062
9296,343.964261
9297,343.967066
9298,343.969795
9299,343.972684
9300,343.975909
9301,343.979600
9302,343.983851
9303,343.988730
9304,343.994279
9305,344.000528
9306,344.007487
9307,344.015155
9308,344.023514
9309,344.032535
9310,344.042167
9311,344.052340
9312,344.062952
9313,344.073866
9314,344.084896
9315,344.095790
9316,344.106213
9317,344.115722
9318,344.123744
9319,344.129776
9320,344.133443
9321,344.134478
9322,344.132686
9323,344.127936
9324,344.120145
9325,344.109271
9326,344.095308
9327,344.078285
9328,344.058267
9329,344.035360
9330,344.009723
9331,343.981576
9332,343.951218
9333,343.919061
9334,343.885660
9335,343.851534
9336,343.817079
9337,343.782587
9338,343.748271
9339,343.714279
9340,343.680711
9341,343.647628
9342,343.615064
9343,343.583029
9344,343.727707
9345,343.756452
9346,343.783346
9347,343.808351
9348,343.831448
9349,343.852632
9350,343.871912
9351,343.889304
9352,343.904839
9353,343.918559
9354,343.930521
9355,343.940799
9356,343.949489
9357,343.956719
9358,343.962651
9359,343.967503
9360,343.971562
9361,343.975228
9362,343.978800
9363,343.982503
9364,343.986506
9365,343.990934
9366,343.995880
9367,344.001410
9368,344.007570
9369,344.014387
9370,344.021877
9371,344.030036
9372,344.038851
9373,344.048291
9374,344.058307
9375,344.068827
9376,344.079753
9377,344.090944
9378,344.102214
9379,344.113310
9380,344.123894
9381,344.133520
9382,344.141614
9383,344.147669
9384,344.151311
9385,344.152269
9386,344.150351
9387,344.145425
9388,344.137410
9389,344.126266
9390,344.111989
9391,344.094612
9392,344.074202
9393,344.050870
9394,344.024777
9395,343.996148
9396,343.965289
9397,343.932613
9398,343.898684
9399,343.864024
9400,343.829035
9401,343.794012
9402,343.759170
9403,343.724659
9404,343.690582
9405,343.657000
9406,343.623948
9407,343.591435
9408,343.725677
9409,343.754383
9410,343.781312
9411,343.806427
9412,343.829708
9413,343.851150
9414,343.870758
9415,343.888551
9416,343.904559
9417,343.918822
9418,343.931397
9419,343.942358
9420,343.951799
9421,343.959843
9422,343.966645
9423,343.972411
9424,343.977408
9425,343.982008
9426,343.986489
9427,343.991064
9428,343.995891
9429,344.001094
9430,344.006763
9431,344.012963
9432,344.019742
9433,344.027128
9434,344.035136
9435,344.043765
9436,344.053001
9437,344.062814
9438,344.073156
9439,344.083954
9440,344.095108
9441,344.106481
9442,344.117885
9443,344.129067
9444,344.139690
9445,344.149311
9446,344.157358
9447,344.163324
9448,344.166838
9449,344.167632
9450,344.165516
9451,344.160361
9452,344.152089
9453,344.140661
9454,344.126077
9455,344.108372
9456,344.087618
9457,344.063927
9458,344.037464
9459,344.008454
9460,343.977207
9461,343.944137
9462,343.909807
9463,343.874744
9464,343.839346
9465,343.803912
9466,343.768658
9467,343.733733
9468,343.699240
9469,343.665244
9470,343.631777
9471,343.598850
9472,343.722316
9473,343.750918
9474,343.777829
9475,343.803009
9476,343.826439
9477,343.848111
9478,343.868030
9479,343.886213
9480,343.902690
9481,343.917501
9482,343.930703
9483,343.942368
9484,343.952591
9485,343.961488
9486,343.969211
9487,343.975951
9488,343.981953
9489,343.987548
9490,343.992992
9491,343.998482
9492,344.004169
9493,344.010173
9494,344.016582
9495,344.023463
9496,344.030862
9497,344.038810
9498,344.047320
9499,344.056393
9500,344.066014
9501,344.076153
9502,344.086760
9503,344.097764
9504,344.109064
9505,344.120523
9506,344.131953
9507,344.143105
9508,344.153647
9509,344.163140
9510,344.171018
9511,344.176782
9512,344.180066
9513,344.180608
9514,344.178221
9515,344.172782
9516,344.164216
9517,344.152488
9518,344.137601
9519,344.119593
9520,344.098538
9521,344.074552
9522,344.047800
9523,344.018509
9524,343.986985
9525,343.953642
9526,343.919040
9527,343.883700
9528,343.848020
9529,343.812294
9530,343.776738
9531,343.741502
9532,343.706687
9533,343.672358
9534,343.638550
9535,343.605273
9536,343.717900
9537,343.746349
9538,343.773197
9539,343.798407
9540,343.821955
9541,343.843833
9542,343.864044
9543,343.882605
9544,343.899544
9545,343.914903
9546,343.928736
9547,343.941117
9548,343.952137
9549,343.961911
9550,343.970585
9551,343.978337
9552,343.985392
9553,343.992024
9554,343.998462
9555,344.004891
9556,344.011457
9557,344.018274
9558,344.025431
9559,344.032993
9560,344.041008
9561,344.049504
9562,344.058497
9563,344.067985
9564,344.077954
9565,344.088371
9566,344.099186
9567,344.110326
9568,344.121689
9569,344.133139
9570,344.144490
9571,344.155499
9572,344.165838
9573,344.175080
9574,344.182669
9575,344.188117
9576,344.191068
9577,344.191268
9578,344.188538
9579,344.182759
9580,344.173861
9581,344.161814
9582,344.146624
9583,344.128334
9584,344.107019
9585,344.082798
9586,344.055836
9587,344.026357
9588,343.994666
9589,343.961169
9590,343.926418
9591,343.890926
9592,343.855086
9593,343.819185
9594,343.783436
9595,343.747987
9596,343.712940
9597,343.678360
9598,343.644283
9599,343.610719
9600,343.712808
9601,343.741068
9602,343.767823
9603,343.793034
9604,343.816676
9605,343.838738
9606,343.859225
9607,343.878150
9608,343.895541
9609,343.911440
9610,343.925901
9611,343.938995
9612,343.950812
9613,343.961465
9614,343.971091
9615,343.979857
9616,343.987963
9617,343.995632
9618,344.003066
9619,344.010437
9620,344.017881
9621,344.025510
9622,344.033411
9623,344.041647
9624,344.050265
9625,344.059293
9626,344.068746
9627,344.078620
9628,344.088900
9629,344.099549
9630,344.110516
9631,344.121725
9632,344.133074
9633,344.144425
9634,344.155597
9635,344.166349
9636,344.176368
9637,344.185236
9638,344.192416
9639,344.197435
9640,344.199951
9641,344.199721
9642,344.196575
9643,344.190399
9644,344.181130
9645,344.168743
9646,344.153248
9647,344.134691
9648,344.113152
9649,344.088750
9650,344.061650
9651,344.032074
9652,344.000320
9653,343.966783
9654,343.932004
9655,343.896483
9656,343.860599
9657,343.824634
9658,343.788794
9659,343.753228
9660,343.718034
9661,343.683280
9662,343.649002
9663,343.615212
9664,343.707391
9665,343.735442
9666,343.762084
9667,343.787276
9668,343.810993
9669,343.833224
9670,343.853969
9671,343.873243
9672,343.891073
9673,343.907498
9674,343.922572
9675,343.936364
9676,343.948963
9677,343.960475
9678,343.971029
9679,343.980778
9680,343.989896
9681,343.998570
9682,344.006975
9683,344.015266
9684,344.023572
9685,344.031998
9686,344.040627
9687,344.049521
9688,344.058724
9689,344.068265
9690,344.078153
9691,344.088385
9692,344.098940
9693,344.109780
9694,344.120849
9695,344.132067
9696,344.143330
9697,344.154500
9698,344.165397
9699,344.175789
9700,344.185371
9701,344.193747
9702,344.200400
9703,344.204880
9704,344.206863
9705,344.206118
9706,344.202483
9707,344.195856
9708,344.186176
9709,344.173425
9710,344.157618
9711,344.138804
9712,344.117068
9713,344.092532
9714,344.065359
9715,344.035769
9716,344.004050
9717,343.970585
9718,343.935894
9719,343.900457
9720,343.864639
9721,343.828713
9722,343.792879
9723,343.757282
9724,343.722022
9725,343.687165
9726,343.652750
9727,343.618790
9728,343.701915
9729,343.729751
9730,343.756270
9731,343.781432
9732,343.805211
9733,343.827595
9734,343.848584
9735,343.868191
9736,343.886441
9737,343.903373
9738,343.919039
9739,343.933506
9740,343.946856
9741,343.959192
9742,343.970631
9743,343.981312
9744,343.991387
9745,344.001014
9746,344.010346
9747,344.019521
9748,344.028657
9749,344.037853
9750,344.047185
9751,344.056714
9752,344.066481
9753,344.076510
9754,344.086810
9755,344.097373
9756,344.108173
9757,344.119167
9758,344.130295
9759,344.141472
9760,344.152590
9761,344.163507
9762,344.174046
9763,344.183980
9764,344.193020
9765,344.200789
9766,344.206805
9767,344.210642
9768,344.211999
9769,344.210658
9770,344.206470
9771,344.199337
9772,344.189207
9773,344.176065
9774,344.159933
9775,344.140867
9776,344.118953
9777,344.094318
9778,344.067127
9779,344.037595
9780,344.006001
9781,343.972709
9782,343.938212
9783,343.902965
9784,343.867314
9785,343.831519
9786,343.795775
9787,343.760223
9788,343.724966
9789,343.690071
9790,343.655578
9791,343.621503
9792,343.696578
9793,343.724202
9794,343.750597
9795,343.775724
9796,343.799557
9797,343.822083
9798,343.843302
9799,343.863225
9800,343.881876
9801,343.899291
9802,343.915521
9803,343.930628
9804,343.944692
9805,343.957805
9806,343.970077
9807,343.981629
9808,343.992597
9809,344.003115
9810,344.013319
9811,344.023329
9812,344.033253
9813,344.043182
9814,344.053186
9815,344.063322
9816,344.073627
9817,344.084122
9818,344.094811
9819,344.105680
9820,344.116700
9821,344.127821
9822,344.138976
9823,344.150074
9824,344.161000
9825,344.171610
9826,344.181725
9827,344.191122
9828,344.199526
9829,344.206587
9830,344.211863
9831,344.214966
9832,344.215616
9833,344.213611
9834,344.208810
9835,344.201123
9836,344.190502
9837,344.176942
9838,344.160468
9839,344.141142
9840,344.119058
9841,344.094347
9842,344.067175
9843,344.037757
9844,344.006362
9845,343.973331
9846,343.939122
9847,343.904155
9848,343.868753
9849,343.833165
9850,343.797580
9851,343.762140
9852,343.726946
9853,343.692068
9854,343.657548
9855,343.623406
9856,343.691527
9857,343.718949
9858,343.745225
9859,343.770317
9860,343.794200
9861,343.816859
9862,343.838295
9863,343.858517
9864,343.877547
9865,343.895419
9866,343.912180
9867,343.927890
9868,343.942621
9869,343.956459
9870,343.969503
9871,343.981863
9872,343.993655
9873,344.004999
9874,344.016012
9875,344.026802
9876,344.037465
9877,344.048085
9878,344.058725
9879,344.069437
9880,344.080253
9881,344.091190
9882,344.102247
9883,344.113404
9884,344.124626
9885,344.135856
9886,344.147018
9887,344.158014
9888,344.168722
9889,344.178990
9890,344.188638
9891,344.197444
9892,344.205145
9893,344.211418
9894,344.215875
9895,344.218174
9896,344.218057
9897,344.215333
9898,344.209870
9899,344.201585
9900,344.190438
9901,344.176427
9902,344.159586
9903,344.139985
9904,344.117724
9905,344.092940
9906,344.065805
9907,344.036532
9908,344.005384
9909,343.972682
9910,343.938830
9911,343.904205
9912,343.869110
9913,343.833783
9914,343.798409
9915,343.763129
9916,343.728045
9917,343.693230
9918,343.658728
9919,343.624561
9920,343.686863
9921,343.714100
9922,343.740267
9923,343.765329
9924,343.789260
9925,343.812047
9926,343.833689
9927,343.854192
9928,343.873578
9929,343.891879
9930,343.909136
9931,343.925407
9932,343.940756
9933,343.955264
9934,343.969018
9935,343.982118
9936,343.994665
9937,344.006766
9938,344.018524
9939,344.030035
9940,344.041385
9941,344.052649
9942,344.063886
9943,344.075141
9944,344.086441
9945,344.097798
9946,344.109205
9947,344.120638
9948,344.132052
9949,344.143384
9950,344.154548
9951,344.165436
9952,344.175919
9953,344.185837
9954,344.195005
9955,344.203204
9956,344.210177
9957,344.215629
9958,344.219234
9959,344.220696
9960,344.219777
9961,344.216299
9962,344.210140
9963,344.201222
9964,344.189513
9965,344.175018
9966,344.157780
9967,344.137875
9968,344.115414
9969,344.090540
9970,344.063430
9971,344.034299
9972,344.003405
9973,343.971049
9974,343.937575
9975,343.903317
9976,343.868554
9977,343.833515
9978,343.798382
9979,343.763293
9980,343.728354
9981,343.693636
9982,343.659188
9983,343.625034
9984,343.682660
9985,343.709731
9986,343.735803
9987,343.760841
9988,343.784823
9989,343.807734
9990,343.829570
9991,343.850339
9992,343.870058
9993,343.888757
9994,343.906475
9995,343.923263
9996,343.939181
9997,343.954301
9998,343.968703
9999,343.982476
10000,343.995710
10001,344.008500
10002,344.020937
10003,344.033108
10004,344.045090
10005,344.056951
10006,344.068743
10007,344.080506
10008,344.092263
10009,344.104019
10010,344.115764
10011,344.127465
10012,344.139071
10013,344.150508
10014,344.161683
10015,344.172478
10016,344.182751
10017,344.192337
10018,344.201045
10019,344.208659
10020,344.214932
10021,344.219596
10022,344.222373
10023,344.223006
10024,344.221281
10025,344.217037
10026,344.210161
10027,344.200583
10028,344.188280
10029,344.173266
10030,344.155592
10031,344.135345
10032,344.112643
10033,344.087638
10034,344.060514
10035,344.031485
10036,344.000802
10037,343.968743
10038,343.935610
10039,343.901694
10040,343.867253
10041,343.832503
10042,343.797619
10043,343.762737
10044,343.727961
10045,343.693365
10046,343.659000
10047,343.624890
10048,343.678962
10049,343.705890
10050,343.731883
10051,343.756909
10052,343.780945
10053,343.803976
10054,343.825998
10055,343.847016
10056,343.867047
10057,343.886115
10058,343.904257
10059,343.921518
10060,343.937955
10061,343.953631
10062,343.968620
10063,343.982999
10064,343.996853
10065,344.010264
10066,344.023315
10067,344.036085
10068,344.048644
10069,344.061051
10070,344.073356
10071,344.085593
10072,344.097780
10073,344.109918
10074,344.121990
10075,344.133958
10076,344.145763
10077,344.157322
10078,344.168531
10079,344.179261
10080,344.189360
10081,344.198656
10082,344.206953
10083,344.214034
10084,344.219668
10085,344.223608
10086,344.225610
10087,344.225451
10088,344.222941
10089,344.217935
10090,344.210333
10091,344.200076
10092,344.187150
10093,344.171579
10094,344.153424
10095,344.132783
10096,344.109785
10097,344.084590
10098,344.057387
10099,344.028393
10100,343.997846
10101,343.966006
10102,343.933144
10103,343.899517
10104,343.865361
10105,343.830877
10106,343.796231
10107,343.761555
10108,343.726951
10109,343.692493
10110,343.658230
10111,343.624191
10112,343.675800
10113,343.702608
10114,343.728540
10115,343.753565
10116,343.777660
10117,343.800811
10118,343.823011
10119,343.844265
10120,343.864585
10121,343.883994
10122,343.902524
10123,343.920216
10124,343.937122
10125,343.953299
10126,343.968813
10127,343.983735
10128,343.998142
10129,344.012108
10130,344.025709
10131,344.039016
10132,344.052094
10133,344.064998
10134,344.077773
10135,344.090448
10136,344.103039
10137,344.115542
10138,344.127935
10139,344.140174
10140,344.152192
10141,344.163897
10142,344.175175
10143,344.185886
10144,344.195866
10145,344.204932
10146,344.212885
10147,344.219509
10148,344.224581
10149,344.227875
10150,344.229171
10151,344.228273
10152,344.225013
10153,344.219263
10154,344.210936
10155,344.199986
10156,344.186409
10157,344.170241
10158,344.151555
10159,344.130459
10160,344.107096
10161,344.081636
10162,344.054274
10163,344.025226
10164,343.994724
10165,343.963013
10166,343.930336
10167,343.896928
10168,343.863003
10169,343.828747
10170,343.794314
10171,343.759832
10172,343.725398
10173,343.691085
10174,343.656940
10175,343.622993
10176,343.673186
10177,343.699899
10178,343.725789
10179,343.750827
10180,343.774988
10181,343.798258
10182,343.820630
10183,343.842106
10184,343.862695
10185,343.882418
10186,343.901302
10187,343.919384
10188,343.936711
10189,343.953334
10190,343.969315
10191,343.984718
10192,343.999612
10193,344.014068
10194,344.028154
10195,344.041937
10196,344.055477
10197,344.068827
10198,344.082026
10199,344.095104
10200,344.108071
10201,344.120923
10202,344.133631
10203,344.146148
10204,344.158399
10205,344.170284
10206,344.181676
10207,344.192424
10208,344.202351
10209,344.211263
10210,344.218953
10211,344.225206
10212,344.229804
10213,344.232536
10214,344.233202
10215,344.231626
10216,344.227659
10217,344.221189
10218,344.212145
10219,344.200492
10220,344.186238
10221,344.169431
10222,344.150158
10223,344.128541
10224,344.104736
10225,344.078924
10226,344.051310
10227,344.022112
10228,343.991557
10229,343.959876
10230,343.927295
10231,343.894029
10232,343.860273
10233,343.826197
10234,343.791947
10235,343.757639
10236,343.723367
10237,343.689199
10238,343.655183
10239,343.621345
10240,343.671122
10241,343.697766
10242,343.723634
10243,343.748698
10244,343.772934
10245,343.796326
10246,343.818865
10247,343.840551
10248,343.861391
10249,343.881401
10250,343.900606
10251,343.919039
10252,343.936740
10253,343.953758
10254,343.970148
10255,343.985970
10256,344.001288
10257,344.016168
10258,344.030675
10259,344.044872
10260,344.058816
10261,344.072557
10262,344.086135
10263,344.099576
10264,344.112891
10265,344.126073
10266,344.139091
10267,344.151894
10268,344.164400
10269,344.176501
10270,344.188060
10271,344.198909
10272,344.208859
10273,344.217701
10274,344.225218
10275,344.231191
10276,344.235407
10277,344.237663
10278,344.237775
10279,344.235583
10280,344.230956
10281,344.223796
10282,344.214045
10283,344.201682
10284,344.186726
10285,344.169239
10286,344.149321
10287,344.127110
10288,344.102778
10289,344.076523
10290,344.048560
10291,344.019112
10292,343.988404
10293,343.956658
10294,343.924086
10295,343.890885
10296,343.857234
10297,343.823289
10298,343.789184
10299,343.755027
10300,343.720905
10301,343.686881
10302,343.653000
10303,343.619288
10304,343.669603
10305,343.696203
10306,343.722070
10307,343.747175
10308,343.771495
10309,343.795011
10310,343.817714
10311,343.839601
10312,343.860675
10313,343.880949
10314,343.900444
10315,343.919188
10316,343.937219
10317,343.954581
10318,343.971324
10319,343.987505
10320,344.003184
10321,344.018423
10322,344.033286
10323,344.047833
10324,344.062120
10325,344.076196
10326,344.090103
10327,344.103865
10328,344.117495
10329,344.130985
10330,344.144305
10331,344.157398
10332,344.170180
10333,344.182536
10334,344.194315
10335,344.205336
10336,344.215390
10337,344.224250
10338,344.231685
10339,344.237470
10340,344.241391
10341,344.243254
10342,344.242886
10343,344.240141
10344,344.234900
10345,344.227082
10346,344.216638
10347,344.203561
10348,344.187881
10349,344.169672
10350,344.149050
10351,344.126171
10352,344.101226
10353,344.074434
10354,344.046025
10355,344.016231
10356,343.985276
10357,343.953376
10358,343.920731
10359,343.887523
10360,343.853918
10361,343.820057
10362,343.786062
10363,343.752032
10364,343.718046
10365,343.684163
10366,343.650423
10367,343.616850
10368,343.668614
10369,343.695196
10370,343.721083
10371,343.746245
10372,343.770659
10373,343.794304
10374,343.817170
10375,343.839248
10376,343.860541
10377,343.881057
10378,343.900813
10379,343.919834
10380,343.938152
10381,343.955808
10382,343.972850
10383,343.989330
10384,344.005306
10385,344.020839
10386,344.035991
10387,344.050821
10388,344.065388
10389,344.079740
10390,344.093919
10391,344.107956
10392,344.121862
10393,344.135632
10394,344.149236
10395,344.162620
10396,344.175694
10397,344.188337
10398,344.200389
10399,344.211650
10400,344.221889
10401,344.230854
10402,344.238296
10403,344.243978
10404,344.247687
10405,344.249233
10406,344.248454
10407,344.245213
10408,344.239405
10409,344.230960
10410,344.219840
10411,344.206047
10412,344.189625
10413,344.170658
10414,344.149277
10415,344.125658
10416,344.100017
10417,344.072599
10418,344.043653
10419,344.013424
10420,343.982139
10421,343.950006
10422,343.917217
10423,343.883941
10424,343.850330
10425,343.816511
10426,343.782596
10427,343.748672
10428,343.714812
10429,343.681067
10430,343.647473
10431,343.614051
10432,343.668138
10433,343.694726
10434,343.720653
10435,343.745888
10436,343.770408
10437,343.794189
10438,343.817217
10439,343.839482
10440,343.860981
10441,343.881719
10442,343.901709
10443,343.920971
10444,343.939535
10445,343.957438
10446,343.974723
10447,343.991443
10448,344.007653
10449,344.023414
10450,344.038785
10451,344.053831
10452,344.068608
10453,344.083170
10454,344.097562
10455,344.111816
10456,344.125951
10457,344.139964
10458,344.153828
10459,344.167490
10460,344.180861
10461,344.193815
10462,344.206182
10463,344.217745
10464,344.228245
10465,344.237394
10466,344.244919
10467,344.250574
10468,344.254142
10469,344.255438
10470,344.254307
10471,344.250622
10472,344.244291
10473,344.235250
10474,344.223474
10475,344.208973
10476,344.191798
10477,344.172046
10478,344.149861
10479,344.125438
10480,344.099023
10481,344.070897
10482,344.041338
10483,344.010601
10484,343.978918
10485,343.946491
10486,343.913502
10487,343.880110
10488,343.846451
10489,343.812643
10490,343.778783
10491,343.744950
10492,343.711207
10493,343.677599
10494,343.644159
10495,343.610903
10496,343.668148
10497,343.694767
10498,343.720754
10499,343.746081
10500,343.770718
10501,343.794643
10502,343.817836
10503,343.840284
10504,343.861978
10505,343.882921
10506,343.903119
10507,343.922591
10508,343.941360
10509,343.959462
10510,343.976939
10511,343.993839
10512,344.010218
10513,344.026136
10514,344.041657
10515,344.056843
10516,344.071758
10517,344.086458
10518,344.100994
10519,344.115403
10520,344.129709
10521,344.143914
10522,344.157999
10523,344.171913
10524,344.185568
10525,344.198837
10526,344.211543
10527,344.223452
10528,344.234275
10529,344.243671
10530,344.251339
10531,344.257022
10532,344.260503
10533,344.261602
10534,344.260168
10535,344.256087
10536,344.249271
10537,344.239669
10538,344.227261
10539,344.212066
10540,344.194141
10541,344.173593
10542,344.150575
10543,344.125303
10544,344.098052
10545,344.069157
10546,344.038929
10547,344.007634
10548,343.975506
10549,343.942744
10550,343.909519
10551,343.875978
10552,343.842245
10553,343.808426
10554,343.774606
10555,343.740855
10556,343.707226
10557,343.673760
10558,343.640482
10559,343.607405
10560,343.668615
10561,343.695287
10562,343.721356
10563,343.746790
10564,343.771560
10565,343.795638
10566,343.819001
10567,343.841630
10568,343.863512
10569,343.884644
10570,343.905028
10571,343.924678
10572,343.943614
10573,343.961870
10574,343.979483
10575,343.996503
10576,344.012985
10577,344.028990
10578,344.044584
10579,344.059834
10580,344.074807
10581,344.089566
10582,344.104168
10583,344.118657
10584,344.133064
10585,344.147400
10586,344.161649
10587,344.175767
10588,344.189671
10589,344.203233
10590,344.216271
10591,344.228540
10592,344.239717
10593,344.249389
10594,344.257229
10595,344.262972
10596,344.266400
10597,344.267336
10598,344.265638
10599,344.261197
10600,344.253935
10601,344.243806
10602,344.230799
10603,344.214935
10604,344.196281
10605,344.174947
10606,344.151098
10607,344.124960
10608,344.096842
10609,344.067154
10610,344.036234
10611,344.004363
10612,343.971773
10613,343.938658
10614,343.905181
10615,343.871477
10616,343.837659
10617,343.803820
10618,343.770036
10619,343.736366
10620,343.702856
10621,343.669539
10622,343.636435
10623,343.603553
10624,343.669501
10625,343.696249
10626,343.722420
10627,343.747981
10628,343.772899
10629,343.797141
10630,343.820681
10631,343.843491
10632,343.865556
10633,343.886864
10634,343.907413
10635,343.927212
10636,343.946279
10637,343.964642
10638,343.982339
10639,343.999418
10640,344.015935
10641,344.031953
10642,344.047541
10643,344.062772
10644,344.077717
10645,344.092448
10646,344.107028
10647,344.121511
10648,344.135937
10649,344.150323
10650,344.164663
10651,344.178918
10652,344.193009
10653,344.206808
10654,344.220129
10655,344.232713
10656,344.244206
10657,344.254129
10658,344.262130
10659,344.267933
10660,344.271317
10661,344.272109
10662,344.270171
10663,344.265401
10664,344.257727
10665,344.247109
10666,344.233540
10667,344.217049
10668,344.197706
10669,344.175626
10670,344.150983
10671,344.124022
10672,344.095076
10673,344.064626
10674,344.033039
10675,344.000610
10676,343.967571
10677,343.934113
10678,343.900391
10679,343.866529
10680,343.832630
10681,343.798777
10682,343.765035
10683,343.731455
10684,343.698074
10685,343.664918
10686,343.632004
10687,343.599336
10688,343.670762
10689,343.697607
10690,343.723900
10691,343.749607
10692,343.774690
10693,343.799111
10694,343.822836
10695,343.845833
10696,343.868077
10697,343.889551
10698,343.910247
10699,343.930169
10700,343.949329
10701,343.967755
10702,343.985482
10703,344.002558
10704,344.019040
10705,344.034994
10706,344.050493
10707,344.065615
10708,344.080440
10709,344.095047
10710,344.109509
10711,344.123889
10712,344.138237
10713,344.152580
10714,344.166919
10715,344.181222
10716,344.195411
10717,344.209362
10718,344.222879
10719,344.235689
10720,344.247408
10721,344.257515
10722,344.265629
10723,344.271463
10724,344.274791
10725,344.275439
10726,344.273275
10727,344.268199
10728,344.260145
10729,344.249077
10730,344.234994
10731,344.217927
10732,344.197953
10733,344.175193
10734,344.149832
10735,344.122129
10736,344.092450
10737,344.061317
10738,344.029130
10739,343.996195
10740,343.962750
10741,343.928984
10742,343.895044
10743,343.861049
10744,343.827090
10745,343.793242
10746,343.759560
10747,343.726087
10748,343.692853
10749,343.659877
10750,343.627172
10751,343.594737
10752,343.672348
10753,343.699308
10754,343.725744
10755,343.751616
10756,343.776882
10757,343.801499
10758,343.825422
10759,343.848612
10760,343.871035
10761,343.892667
10762,343.913493
10763,343.933511
10764,343.952731
10765,343.971175
10766,343.988878
10767,344.005889
10768,344.022264
10769,344.038075
10770,344.053398
10771,344.068317
10772,344.082922
10773,344.097301
10774,344.111538
10775,344.125708
10776,344.139870
10777,344.154062
10778,344.168292
10779,344.182534
10780,344.196715
10781,344.210706
10782,344.224308
10783,344.237230
10784,344.249065
10785,344.259262
10786,344.267419
10787,344.273234
10788,344.276475
10789,344.276968
10790,344.274579
10791,344.269214
10792,344.260810
10793,344.249334
10794,344.234788
10795,344.217210
10796,344.196679
10797,344.173325
10798,344.147343
10799,344.119008
10800,344.088710
10801,344.057003
10802,344.024309
10803,343.990948
10804,343.957165
10805,343.923148
10806,343.889041
10807,343.854954
10808,343.820972
10809,343.787160
10810,343.753567
10811,343.720227
10812,343.687164
10813,343.654392
10814,343.621918
10815,343.589740
10816,343.674196
10817,343.701289
10818,343.727885
10819,343.753943
10820,343.779414
10821,343.804244
10822,343.828380
10823,343.851773
10824,343.874378
10825,343.896163
10826,343.917104
10827,343.937195
10828,343.956440
10829,343.974859
10830,343.992485
10831,344.009367
10832,344.025563
10833,344.041147
10834,344.056203
10835,344.070821
10836,344.085101
10837,344.099141
10838,344.113038
10839,344.126880
10840,344.140737
10841,344.154657
10842,344.168658
10843,344.182718
10844,344.196766
10845,344.210673
10846,344.224232
10847,344.237140
10848,344.248971
10849,344.259153
10850,344.267267
10851,344.272998
10852,344.276109
10853,344.276422
10854,344.273805
10855,344.268162
10856,344.259435
10857,344.247594
10858,344.232644
10859,344.214626
10860,344.193624
10861,344.169776
10862,344.143285
10863,344.114441
10864,344.083652
10865,344.051493
10866,344.018405
10867,343.984720
10868,343.950688
10869,343.916496
10870,343.882286
10871,343.848164
10872,343.814209
10873,343.780477
10874,343.747010
10875,343.713838
10876,343.680977
10877,343.648438
10878,343.616222
10879,343.584325
10880,343.676232
10881,343.703472
10882,343.730248
10883,343.756513
10884,343.782209
10885,343.807274
10886,343.831641
10887,343.855249
10888,343.878041
10889,343.899975
10890,343.921019
10891,343.941160
10892,343.960398
10893,343.978748
10894,343.996245
10895,344.012933
10896,344.028877
10897,344.044151
10898,344.058845
10899,344.073060
10900,344.086903
10901,344.100488
10902,344.113923
10903,344.127312
10904,344.140737
10905,344.154257
10906,344.167899
10907,344.181645
10908,344.195428
10909,344.209116
10910,344.222497
10911,344.235258
10912,344.246960
10913,344.257016
10914,344.264993
10915,344.270567
10916,344.273496
10917,344.273598
10918,344.270741
10919,344.264830
10920,344.255806
10921,344.243644
10922,344.228351
10923,344.209971
10924,344.188593
10925,344.164358
10926,344.137479
10927,344.108257
10928,344.077112
10929,344.044635
10930,344.011279
10931,343.977383
10932,343.943204
10933,343.908929
10934,343.874698
10935,343.840611
10936,343.806742
10937,343.773144
10938,343.739851
10939,343.706888
10940,343.674267
10941,343.641993
10942,343.610065
10943,343.578475
10944,343.678372
10945,343.705769
10946,343.732741
10947,343.759232
10948,343.785177
10949,343.810499
10950,343.835118
10951,343.858955
10952,343.881941
10953,343.904021
10954,343.925157
10955,343.945326
10956,343.964524
10957,343.982765
10958,344.000078
10959,344.016512
10960,344.032129
10961,344.047009
10962,344.061248
10963,344.074954
10964,344.088246
10965,344.101253
10966,344.114100
10967,344.126905
10968,344.139766
10969,344.152753
10970,344.165900
10971,344.179196
10972,344.192577
10973,344.205908
10974,344.218973
10975,344.231452
10976,344.242898
10977,344.252714
10978,344.260457
10979,344.265797
10980,344.268487
10981,344.268343
10982,344.265231
10983,344.259057
10984,344.249763
10985,344.237326
10986,344.221754
10987,344.203093
10988,344.181436
10989,344.156929
10990,344.129789
10991,344.100325
10992,344.068965
10993,344.036309
10994,344.002817
10995,343.968837
10996,343.934624
10997,343.900367
10998,343.866205
10999,343.832233
11000,343.798522
11001,343.765119
11002,343.732055
11003,343.699349
11004,343.667009
11005,343.635037
11006,343.603429
11007,343.572176
11008,343.680511
11009,343.708074
11010,343.735253
11011,343.761991
11012,343.788207
11013,343.813811
11014,343.838702
11015,343.862784
11016,343.885970
11017,343.908195
11018,343.929410
11019,343.949585
11020,343.968713
11021,343.986802
11022,344.003882
11023,344.020000
11024,344.035219
11025,344.049623
11026,344.063313
11027,344.076405
11028,344.089032
11029,344.101337
11030,344.113466
11031,344.125555
11032,344.137718
11033,344.150037
11034,344.162554
11035,344.175264
11036,344.188104
11037,344.200939
11038,344.213551
11039,344.225615
11040,344.236680
11041,344.246142
11042,344.253554
11043,344.258580
11044,344.260972
11045,344.260543
11046,344.257160
11047,344.250728
11048,344.241190
11049,344.228524
11050,344.212738
11051,344.193882
11052,344.172049
11053,344.147386
11054,344.120115
11055,344.090547
11056,344.059115
11057,344.026424
11058,343.992936
11059,343.959002
11060,343.924877
11061,343.890749
11062,343.856754
11063,343.822986
11064,343.789510
11065,343.756371
11066,343.723595
11067,343.691198
11068,343.659185
11069,343.627555
11070,343.596302
11071,343.565415
11072,343.682533
11073,343.710261
11074,343.737657
11075,343.764656
11076,343.791165
11077,343.817074
11078,343.842258
11079,343.866598
11080,343.889991
11081,343.912356
11082,343.933636
11083,343.953795
11084,343.972820
11085,343.990718
11086,344.007516
11087,344.023260
11088,344.038015
11089,344.051865
11090,344.064915
11091,344.077292
11092,344.089141
11093,344.100622
11094,344.111905
11095,344.123149
11096,344.134483
11097,344.146004
11098,344.157760
11099,344.169751
11100,344.181915
11101,344.194119
11102,344.206144
11103,344.217664
11104,344.228224
11105,344.237221
11106,344.244204
11107,344.248838
11108,344.250872
11109,344.250121
11110,344.246449
11111,344.239763
11112,344.230008
11113,344.217159
11114,344.201228
11115,344.182262
11116,344.160355
11117,344.135657
11118,344.108386
11119,344.078856
11120,344.047499
11121,344.014919
11122,343.981579
11123,343.947825
11124,343.913915
11125,343.880032
11126,343.846308
11127,343.812837
11128,343.779679
11129,343.746877
11130,343.714453
11131,343.682421
11132,343.650783
11133,343.619538
11134,343.588676
11135,343.558187
11136,343.684303
11137,343.712190
11138,343.739803
11139,343.767070
11140,343.793888
11141,343.820121
11142,343.845616
11143,343.870223
11144,343.893821
11145,343.916317
11146,343.937644
11147,343.957762
11148,343.976653
11149,343.994322
11150,344.010792
11151,344.026109
11152,344.040337
11153,344.053563
11154,344.065894
11155,344.077463
11156,344.088428
11157,344.098970
11158,344.109286
11159,344.119562
11160,344.129948
11161,344.140549
11162,344.151423
11163,344.162570
11164,344.173932
11165,344.185377
11166,344.196686
11167,344.207536
11168,344.217473
11169,344.225896
11170,344.232356
11171,344.236521
11172,344.238139
11173,344.237027
11174,344.233050
11175,344.226117
11176,344.216170
11177,344.203186
11178,344.187177
11179,344.168188
11180,344.146313
11181,344.121700
11182,344.094564
11183,344.065214
11184,344.034080
11185,344.001761
11186,343.968713
11187,343.935280
11188,343.901713
11189,343.868193
11190,343.834849
11191,343.801771
11192,343.769017
11193,343.736627
11194,343.704621
11195,343.673012
11196,343.641801
11197,343.610983
11198,343.580550
11199,343.550489
11200,343.685674
11201,343.713701
11202,343.741519
11203,343.769051
11204,343.796181
11205,343.822748
11206,343.848559
11207,343.873431
11208,343.897224
11209,343.919832
11210,343.941183
11211,343.961231
11212,343.979955
11213,343.997356
11214,344.013457
11215,344.028301
11216,344.041951
11217,344.054493
11218,344.066038
11219,344.076722
11220,344.086713
11221,344.096214
11222,344.105458
11223,344.114662
11224,344.123995
11225,344.133573
11226,344.143456
11227,344.153649
11228,344.164093
11229,344.174659
11230,344.185133
11231,344.195193
11232,344.204393
11233,344.212138
11234,344.217985
11235,344.221605
11236,344.222752
11237,344.221244
11238,344.216948
11239,344.209773
11240,344.199662
11241,344.186592
11242,344.170572
11243,344.151649
11244,344.129911
11245,344.105503
11246,344.078636
11247,344.049612
11248,344.018851
11249,343.986942
11250,343.954333
11251,343.921361
11252,343.888268
11253,343.855232
11254,343.822376
11255,343.789788
11256,343.757525
11257,343.725623
11258,343.694103
11259,343.662975
11260,343.632241
11261,343.601895
11262,343.571928
11263,343.542327
11264,343.686485
11265,343.714623
11266,343.742619
11267,343.770391
11268,343.797812
11269,343.824702
11270,343.850813
11271,343.875927
11272,343.899886
11273,343.922576
11274,343.943918
11275,343.963863
11276,343.982385
11277,343.999483
11278,344.015177
11279,344.029509
11280,344.042540
11281,344.054355
11282,344.065066
11283,344.074812
11284,344.083768
11285,344.092152
11286,344.100248
11287,344.108306
11288,344.116509
11289,344.124981
11290,344.133786
11291,344.142929
11292,344.152354
11293,344.161935
11294,344.171461
11295,344.180621
11296,344.188977
11297,344.195945
11298,344.201092
11299,344.204099
11300,344.204723
11301,344.202786
11302,344.198159
11303,344.190751
11304,344.180505
11305,344.167397
11306,344.151435
11307,344.132664
11308,344.111169
11309,344.087088
11310,344.060624
11311,344.032070
11312,344.001832
11313,343.970484
11314,343.938462
11315,343.906089
11316,343.873600
11317,343.841166
11318,343.808906
11319,343.776905
11320,343.745217
11321,343.713879
11322,343.682911
11323,343.652323
11324,343.622116
11325,343.592284
11326,343.562820
11327,343.533710
11328,343.686578
11329,343.714784
11330,343.742911
11331,343.770871
11332,343.798526
11333,343.825672
11334,343.852020
11335,343.877321
11336,343.901398
11337,343.924125
11338,343.945418
11339,343.965220
11340,343.983503
11341,344.000264
11342,344.015520
11343,344.029310
11344,344.041693
11345,344.052755
11346,344.062606
11347,344.071391
11348,344.079293
11349,344.086548
11350,344.093474
11351,344.100352
11352,344.107381
11353,344.114693
11354,344.122354
11355,344.130373
11356,344.138696
11357,344.147199
11358,344.155679
11359,344.163836
11360,344.171248
11361,344.177347
11362,344.181716
11363,344.184045
11364,344.184100
11365,344.181709
11366,344.176742
11367,344.169111
11368,344.158760
11369,344.145662
11370,344.129826
11371,344.111292
11372,344.090142
11373,344.066507
11374,344.040581
11375,344.012641
11376,343.983076
11377,343.952440
11378,343.921150
11379,343.889513
11380,343.857754
11381,343.826036
11382,343.794476
11383,343.763153
11384,343.732124
11385,343.701423
11386,343.671071
11387,343.641078
11388,343.611446
11389,343.582171
11390,343.553245
11391,343.524656
11392,343.685796
11393,343.714016
11394,343.742212
11395,343.770290
11396,343.798100
11397,343.825415
11398,343.851918
11399,343.877332
11400,343.901463
11401,343.924171
11402,343.945364
11403,343.964981
11404,343.982989
11405,343.999381
11406,344.014172
11407,344.027397
11408,344.039116
11409,344.049413
11410,344.058400
11411,344.066225
11412,344.073082
11413,344.079222
11414,344.084988
11415,344.090684
11416,344.096525
11417,344.102648
11418,344.109126
11419,344.115969
11420,344.123125
11421,344.130475
11422,344.137825
11423,344.144890
11424,344.151267
11425,344.156413
11426,344.159933
11427,344.161530
11428,344.160979
11429,344.158112
11430,344.152804
11431,344.144965
11432,344.134539
11433,344.121500
11434,344.105854
11435,344.087640
11436,344.066933
11437,344.043859
11438,344.018600
11439,343.991415
11440,343.962672
11441,343.932895
11442,343.902477
11443,343.871706
11444,343.840797
11445,343.809904
11446,343.779139
11447,343.748582
11448,343.718288
11449,343.688292
11450,343.658616
11451,343.629271
11452,343.600260
11453,343.571581
11454,343.543227
11455,343.515188
11456,343.683999
11457,343.712168
11458,343.740359
11459,343.768474
11460,343.796349
11461,343.823739
11462,343.850306
11463,343.875750
11464,343.899860
11465,343.922486
11466,343.943525
11467,343.962911
11468,343.980606
11469,343.996599
11470,344.010902
11471,344.023549
11472,344.034598
11473,344.044132
11474,344.052266
11475,344.059151
11476,344.064990
11477,344.070047
11478,344.074683
11479,344.079218
11480,344.083879
11481,344.088811
11482,344.094090
11483,344.099729
11484,344.105678
11485,344.111822
11486,344.117976
11487,344.123872
11488,344.129137
11489,344.133260
11490,344.135874
11491,344.136696
11492,344.135513
11493,344.132160
11494,344.126514
11495,344.118485
11496,344.108018
11497,344.095085
11498,344.079691
11499,344.061871
11500,344.041699
11501,344.019293
11502,343.994822
11503,343.968529
11504,343.940749
11505,343.911971
11506,343.882556
11507,343.852772
11508,343.822820
11509,343.792848
11510,343.762966
11511,343.733253
11512,343.703763
11513,343.674534
11514,343.645589
11515,343.616941
11516,343.588594
11517,343.560548
11518,343.532798
11519,343.505333
11520,343.681062
11521,343.709107
11522,343.737214
11523,343.765277
11524,343.793122
11525,343.820491
11526,343.847026
11527,343.872413
11528,343.896424
11529,343.918900
11530,343.939728
11531,343.958836
11532,343.976181
11533,343.991748
11534,344.005547
11535,344.017609
11536,344.027990
11537,344.036775
11538,344.044078
11539,344.050056
11540,344.054917
11541,344.058937
11542,344.062487
11543,344.065900
11544,344.069411
11545,344.073173
11546,344.077263
11547,344.081696
11548,344.086423
11549,344.091334
11550,344.096252
11551,344.100926
11552,344.105016
11553,344.108066
11554,344.109735
11555,344.109760
11556,344.107935
11557,344.104097
11558,344.098124
11559,344.089930
11560,344.079455
11561,344.066673
11562,344.051586
11563,344.034229
11564,344.014672
11565,343.993025
11566,343.969450
11567,343.944169
11568,343.917485
11569,343.889832
11570,343.861534
11571,343.832838
11572,343.803935
11573,343.774968
11574,343.746044
11575,343.717241
11576,343.688617
11577,343.660210
11578,343.632044
11579,343.604136
11580,343.576491
11581,343.549111
11582,343.521992
11583,343.495127
11584,343.676877
11585,343.704722
11586,343.732660
11587,343.760580
11588,343.788300
11589,343.815550
11590,343.841959
11591,343.867200
11592,343.891033
11593,343.913289
11594,343.933847
11595,343.952629
11596,343.969589
11597,343.984706
11598,343.997988
11599,344.009464
11600,344.019188
11601,344.027245
11602,344.033751
11603,344.038865
11604,344.042799
11605,344.045838
11606,344.048359
11607,344.050704
11608,344.053116
11609,344.055748
11610,344.058683
11611,344.061935
11612,344.065456
11613,344.069140
11614,344.072817
11615,344.076252
11616,344.079137
11617,344.081093
11618,344.081811
11619,344.081039
11620,344.078579
11621,344.074273
11622,344.067997
11623,344.059666
11624,344.049220
11625,344.036631
11626,344.021900
11627,344.005061
11628,343.986181
11629,343.965366
11630,343.942768
11631,343.918593
11632,343.893115
11633,343.866683
11634,343.839587
11635,343.812057
11636,343.784274
11637,343.756376
11638,343.728468
11639,343.700631
11640,343.672923
11641,343.645382
11642,343.618038
11643,343.590908
11644,343.563999
11645,343.537314
11646,343.510852
11647,343.484608
11648,343.671359
11649,343.698922
11650,343.726603
11651,343.754288
11652,343.781787
11653,343.808821
11654,343.835011
11655,343.860017
11656,343.883593
11657,343.905559
11658,343.925790
11659,343.944201
11660,343.960741
11661,343.975388
11662,343.988145
11663,343.999038
11664,344.008123
11665,344.015481
11666,344.021230
11667,344.025530
11668,344.028598
11669,344.030721
11670,344.032283
11671,344.033630
11672,344.035007
11673,344.036573
11674,344.038410
11675,344.040533
11676,344.042897
11677,344.045398
11678,344.047876
11679,344.050111
11680,344.051833
11681,344.052732
11682,344.052531
11683,344.050995
11684,344.047933
11685,344.043189
11686,344.036645
11687,344.028211
11688,344.017830
11689,344.005473
11690,343.991140
11691,343.974862
11692,343.956703
11693,343.936764
11694,343.915188
11695,343.892163
11696,343.867928
11697,343.842761
11698,343.816914
11699,343.790596
11700,343.763977
11701,343.737192
11702,343.710344
11703,343.683514
11704,343.656760
11705,343.630124
11706,343.603636
11707,343.577314
11708,343.551169
11709,343.525206
11710,343.499423
11711,343.473818
11712,343.664437
11713,343.691635
11714,343.718971
11715,343.746327
11716,343.773508
11717,343.800232
11718,343.826109
11719,343.850795
11720,343.874035
11721,343.895645
11722,343.915492
11723,343.933488
11724,343.949577
11725,343.963735
11726,343.975962
11727,343.986283
11728,343.994750
11729,344.001444
11730,344.006484
11731,344.010030
11732,344.012299
11733,344.013580
11734,344.014262
11735,344.014691
11736,344.015116
11737,344.015696
11738,344.016515
11739,344.017589
11740,344.018874
11741,344.020272
11742,344.021634
11743,344.022762
11744,344.023418
11745,344.023344
11746,344.022295
11747,344.020056
11748,344.016445
11749,344.011313
11750,344.004543
11751,343.996049
11752,343.985771
11753,343.973681
11754,343.959777
11755,343.944088
11756,343.926675
11757,343.907631
11758,343.887088
11759,343.865213
11760,343.842210
11761,343.818305
11762,343.793713
11763,343.768621
11764,343.743188
11765,343.717540
11766,343.691778
11767,343.665982
11768,343.640211
11769,343.614507
11770,343.588903
11771,343.563416
11772,343.538060
11773,343.512839
11774,343.487754
11775,343.462804
11776,343.656060
11777,343.682807
11778,343.709707
11779,343.736640
11780,343.763410
11781,343.789728
11782,343.815203
11783,343.839484
11784,343.862312
11785,343.883498
11786,343.902906
11787,343.920445
11788,343.936055
11789,343.949709
11790,343.961405
11791,343.971166
11792,343.979043
11793,343.985115
11794,343.989498
11795,343.992354
11796,343.993899
11797,343.994423
11798,343.994312
11799,343.993917
11800,343.993486
11801,343.993178
11802,343.993077
11803,343.993201
11804,343.993511
11805,343.993915
11806,343.994276
11807,343.994417
11808,343.994131
11809,343.993196
11810,343.991397
11811,343.988538
11812,343.984451
11813,343.978993
11814,343.972051
11815,343.963542
11816,343.953406
11817,343.941615
11818,343.928165
11819,343.913083
11820,343.896424
11821,343.878274
11822,343.858749
11823,343.837998
11824,343.816193
11825,343.793521
11826,343.770166
11827,343.746292
11828,343.722043
11829,343.697539
11830,343.672875
11831,343.648128
11832,343.623358
11833,343.598607
11834,343.573906
11835,343.549276
11836,343.524728
11837,343.500269
11838,343.475898
11839,343.451615
11840,343.646191
11841,343.672400
11842,343.698772
11843,343.725190
11844,343.751453
11845,343.777273
11846,343.802256
11847,343.826049
11848,343.848389
11849,343.869087
11850,343.888004
11851,343.905044
11852,343.920149
11853,343.933287
11854,343.944455
11855,343.953673
11856,343.960991
11857,343.966485
11858,343.970272
11859,343.972508
11860,343.973410
11861,343.973266
11862,343.972462
11863,343.971346
11864,343.970165
11865,343.969080
11866,343.968174
11867,343.967467
11868,343.966924
11869,343.966462
11870,343.965955
11871,343.965247
11872,343.964156
11873,343.962487
11874,343.960052
11875,343.956673
11876,343.952194
11877,343.946481
11878,343.939429
11879,343.930953
11880,343.920999
11881,343.909536
11882,343.896560
11883,343.882093
11884,343.866186
11885,343.848913
11886,343.830380
11887,343.810714
11888,343.790062
11889,343.768581
11890,343.746428
11891,343.723747
11892,343.700667
11893,343.677298
11894,343.653731
11895,343.630040
11896,343.606280
11897,343.582494
11898,343.558713
11899,343.534956
11900,343.511234
11901,343.487552
11902,343.463909
11903,343.440305
11904,343.634808
11905,343.660390
11906,343.686144
11907,343.711952
11908,343.737615
11909,343.762844
11910,343.787246
11911,343.810468
11912,343.832248
11913,343.852394
11914,343.870767
11915,343.887272
11916,343.901846
11917,343.914459
11918,343.925103
11919,343.933799
11920,343.940593
11921,343.945560
11922,343.948812
11923,343.950506
11924,343.950853
11925,343.950138
11926,343.948746
11927,343.947020
11928,343.945208
11929,343.943468
11930,343.941883
11931,343.940476
11932,343.939216
11933,343.938027
11934,343.936797
11935,343.935386
11936,343.933632
11937,343.931365
11938,343.928415
11939,343.924623
11940,343.919845
11941,343.913958
11942,343.906859
11943,343.898470
11944,343.888737
11945,343.877630
11946,343.865143
11947,343.851294
11948,343.836127
11949,343.819711
11950,343.802134
11951,343.783508
11952,343.763959
11953,343.743620
11954,343.722625
11955,343.701102
11956,343.679165
11957,343.656915
11958,343.634435
11959,343.611796
11960,343.589050
11961,343.566238
11962,343.543388
11963,343.520519
11964,343.497638
11965,343.474747
11966,343.451845
11967,343.428928
11968,343.621904
11969,343.646771
11970,343.671814
11971,343.696918
11972,343.721886
11973,343.746432
11974,343.770165
11975,343.792734
11976,343.813880
11977,343.833412
11978,343.851191
11979,343.867123
11980,343.881145
11981,343.893224
11982,343.903353
11983,343.911550
11984,343.917859
11985,343.922352
11986,343.925138
11987,343.926369
11988,343.926253
11989,343.925072
11990,343.923203
11991,343.920989
11992,343.918670
11993,343.916405
11994,343.914277
11995,343.912309
11996,343.910474
11997,343.908705
11998,343.906902
11999,343.904936
12000,343.902665
12001,343.899936
12002,343.896598
12003,343.892505
12004,343.887526
12005,343.881546
12006,343.874469
12007,343.866220
12008,343.856748
12009,343.846022
12010,343.834036
12011,343.820804
12012,343.806365
12013,343.790777
12014,343.774119
12015,343.756488
12016,343.737990
12017,343.718741
12018,343.698859
12019,343.678453
12020,343.657626
12021,343.636471
12022,343.615063
12023,343.593467
12024,343.571733
12025,343.549900
12026,343.527991
12027,343.506022
12028,343.483998
12029,343.461916
12030,343.439767
12031,343.417545
12032,343.607486
12033,343.631549
12034,343.655789
12035,343.680094
12036,343.704271
12037,343.728040
12038,343.751015
12039,343.772850
12040,343.793290
12041,343.812145
12042,343.829282
12043,343.844605
12044,343.858053
12045,343.869593
12046,343.879217
12047,343.886941
12048,343.892805
12049,343.896881
12050,343.899272
12051,343.900126
12052,343.899646
12053,343.898106
12054,343.895879
12055,343.893300
12056,343.890607
12057,343.887954
12058,343.885422
12059,343.883037
12060,343.880776
12061,343.878577
12062,343.876349
12063,343.873979
12064,343.871335
12065,343.868281
12066,343.864680
12067,343.860399
12068,343.855317
12069,343.849327
12070,343.842340
12071,343.834286
12072,343.825114
12073,343.814795
12074,343.803321
12075,343.790704
12076,343.776976
12077,343.762189
12078,343.746412
12079,343.729728
12080,343.712232
12081,343.694023
12082,343.675204
12083,343.655873
12084,343.636121
12085,343.616032
12086,343.595677
12087,343.575113
12088,343.554388
12089,343.533535
12090,343.512577
12091,343.491523
12092,343.470374
12093,343.449119
12094,343.427741
12095,343.406222
12096,343.591577
12097,343.614747
12098,343.638091
12099,343.661500
12100,343.684791
12101,343.707688
12102,343.729816
12103,343.750834
12104,343.770493
12105,343.788612
12106,343.805057
12107,343.819737
12108,343.832592
12109,343.843589
12110,343.852719
12111,343.859996
12112,343.865460
12113,343.869177
12114,343.871248
12115,343.871814
12116,343.871071
12117,343.869286
12118,343.866822
12119,343.864009
12120,343.861077
12121,343.858174
12122,343.855382
12123,343.852726
12124,343.850187
12125,343.847707
12126,343.845205
12127,343.842576
12128,343.839701
12129,343.836456
12130,343.832715
12131,343.828356
12132,343.823269
12133,343.817353
12134,343.810524
12135,343.802718
12136,343.793885
12137,343.783997
12138,343.773045
12139,343.761039
12140,343.748006
12141,343.733993
12142,343.719060
12143,343.703280
12144,343.686736
12145,343.669518
12146,343.651715
12147,343.633416
12148,343.614703
12149,343.595651
12150,343.576326
12151,343.556781
12152,343.537058
12153,343.517189
12154,343.497192
12155,343.477072
12156,343.456821
12157,343.436421
12158,343.415839
12159,343.395039
12160,343.574216
12161,343.596403
12162,343.618756
12163,343.641173
12164,343.663479
12165,343.685409
12166,343.706598
12167,343.726716
12168,343.745523
12169,343.762843
12170,343.778549
12171,343.792553
12172,343.804796
12173,343.815246
12174,343.823894
12175,343.830754
12176,343.835862
12177,343.839282
12178,343.841108
12179,343.841477
12180,343.840576
12181,343.838661
12182,343.836087
12183,343.833172
12184,343.830137
12185,343.827127
12186,343.824218
12187,343.821437
12188,343.818765
12189,343.816152
12190,343.813521
12191,343.810775
12192,343.807807
12193,343.804500
12194,343.800738
12195,343.796411
12196,343.791412
12197,343.785651
12198,343.779048
12199,343.771542
12200,343.763086
12201,343.753653
12202,343.743233
12203,343.731834
12204,343.719481
12205,343.706215
12206,343.692090
12207,343.677172
12208,343.661535
12209,343.645260
12210,343.628428
12211,343.611119
12212,343.593408
12213,343.575364
12214,343.557046
12215,343.538506
12216,343.519781
12217,343.500899
12218,343.481875
12219,343.462709
12220,343.443390
12221,343.423885
12222,343.404144
12223,343.384094
12224,343.555461
12225,343.576574
12226,343.597840
12227,343.619167
12228,343.640389
12229,343.661254
12230,343.681412
12231,343.700546
12232,343.718428
12233,343.734890
12234,343.749810
12235,343.763105
12236,343.774718
12237,343.784619
12238,343.792799
12239,343.799270
12240,343.804067
12241,343.807250
12242,343.808909
12243,343.809172
12244,343.808219
12245,343.806294
12246,343.803736
12247,343.800851
12248,343.797851
12249,343.794871
12250,343.791987
12251,343.789223
12252,343.786562
12253,343.783958
12254,343.781338
12255,343.778614
12256,343.775683
12257,343.772438
12258,343.768772
12259,343.764579
12260,343.759761
12261,343.754233
12262,343.747921
12263,343.740764
12264,343.732721
12265,343.723765
12266,343.713887
12267,343.703092
12268,343.691404
12269,343.678860
12270,343.665510
12271,343.651415
12272,343.636642
12273,343.621265
12274,343.605360
12275,343.589001
12276,343.572256
12277,343.555190
12278,343.537859
12279,343.520309
12280,343.502577
12281,343.484686
12282,343.466650
12283,343.448468
12284,343.430121
12285,343.411572
12286,343.392750
12287,343.373532
12288,343.194200
12289,343.027684
12290,343.065438
12291,343.209325
12292,343.179474
12293,343.017165
12294,343.053891
12295,343.195180
12296,342.558201
12297,342.399920
12298,342.435734
12299,342.573517
